xof 0303txt 0032
template ColorRGBA {
 <35ff44e0-6c7c-11cf-8f52-0040333594a3>
 FLOAT red;
 FLOAT green;
 FLOAT blue;
 FLOAT alpha;
}

template ColorRGB {
 <d3e16e81-7835-11cf-8f52-0040333594a3>
 FLOAT red;
 FLOAT green;
 FLOAT blue;
}

template Material {
 <3d82ab4d-62da-11cf-ab39-0020af71e433>
 ColorRGBA faceColor;
 FLOAT power;
 ColorRGB specularColor;
 ColorRGB emissiveColor;
 [...]
}

template TextureFilename {
 <a42790e1-7810-11cf-8f52-0040333594a3>
 STRING filename;
}

template Frame {
 <3d82ab46-62da-11cf-ab39-0020af71e433>
 [...]
}

template Matrix4x4 {
 <f6f23f45-7686-11cf-8f52-0040333594a3>
 array FLOAT matrix[16];
}

template FrameTransformMatrix {
 <f6f23f41-7686-11cf-8f52-0040333594a3>
 Matrix4x4 frameMatrix;
}

template Vector {
 <3d82ab5e-62da-11cf-ab39-0020af71e433>
 FLOAT x;
 FLOAT y;
 FLOAT z;
}

template MeshFace {
 <3d82ab5f-62da-11cf-ab39-0020af71e433>
 DWORD nFaceVertexIndices;
 array DWORD faceVertexIndices[nFaceVertexIndices];
}

template Mesh {
 <3d82ab44-62da-11cf-ab39-0020af71e433>
 DWORD nVertices;
 array Vector vertices[nVertices];
 DWORD nFaces;
 array MeshFace faces[nFaces];
 [...]
}

template MeshMaterialList {
 <f6f23f42-7686-11cf-8f52-0040333594a3>
 DWORD nMaterials;
 DWORD nFaceIndexes;
 array DWORD faceIndexes[nFaceIndexes];
 [Material <3d82ab4d-62da-11cf-ab39-0020af71e433>]
}

template VertexElement {
 <f752461c-1e23-48f6-b9f8-8350850f336f>
 DWORD Type;
 DWORD Method;
 DWORD Usage;
 DWORD UsageIndex;
}

template DeclData {
 <bf22e553-292c-4781-9fea-62bd554bdd93>
 DWORD nElements;
 array VertexElement Elements[nElements];
 DWORD nDWords;
 array DWORD data[nDWords];
}

template XSkinMeshHeader {
 <3cf169ce-ff7c-44ab-93c0-f78f62d172e2>
 WORD nMaxSkinWeightsPerVertex;
 WORD nMaxSkinWeightsPerFace;
 WORD nBones;
}

template SkinWeights {
 <6f0d123b-bad2-4167-a0d0-80224f25fabb>
 STRING transformNodeName;
 DWORD nWeights;
 array DWORD vertexIndices[nWeights];
 array FLOAT weights[nWeights];
 Matrix4x4 matrixOffset;
}

template AnimTicksPerSecond {
 <9e415a43-7ba6-4a73-8743-b73d47e88476>
 DWORD AnimTicksPerSecond;
}

template Animation {
 <3d82ab4f-62da-11cf-ab39-0020af71e433>
 [...]
}

template AnimationSet {
 <3d82ab50-62da-11cf-ab39-0020af71e433>
 [Animation <3d82ab4f-62da-11cf-ab39-0020af71e433>]
}

template FloatKeys {
 <10dd46a9-775b-11cf-8f52-0040333594a3>
 DWORD nValues;
 array FLOAT values[nValues];
}

template TimedFloatKeys {
 <f406b180-7b3b-11cf-8f52-0040333594a3>
 DWORD time;
 FloatKeys tfkeys;
}

template AnimationKey {
 <10dd46a8-775b-11cf-8f52-0040333594a3>
 DWORD keyType;
 DWORD nKeys;
 array TimedFloatKeys keys[nKeys];
}


Material Material__32 {
 0.588000;0.588000;0.588000;1.000000;;
 10.000000;
 0.000000;0.000000;0.000000;;
 0.000000;0.000000;0.000000;;

 TextureFilename {
  "character_de_cloth_bluse_1915_clr.png";
 }
}

Material Material__34 {
 0.588000;0.588000;0.588000;1.000000;;
 10.000000;
 0.000000;0.000000;0.000000;;
 0.000000;0.000000;0.000000;;

 TextureFilename {
  "character_face_de_young_clr.png";
 }
}

Material Material__33 {
 0.588000;0.588000;0.588000;1.000000;;
 10.000000;
 0.000000;0.000000;0.000000;;
 0.000000;0.000000;0.000000;;

 TextureFilename {
  "character_hands_clr.png";
 }
}

Material Material__30 {
 0.588000;0.588000;0.588000;1.000000;;
 10.000000;
 0.000000;0.000000;0.000000;;
 0.000000;0.000000;0.000000;;

 TextureFilename {
  "character_de_cloth_greatcoat_clr.png";
 }
}

Frame avatar {
 

 FrameTransformMatrix {
  1461.73338,68.479392,-2076.11354,0.000000,-2068.81856,276.382336,-1447.48083,0.000000,186.881267,2523.98899,214.830157,0.000000,705.81638,-632.50733,633.38669,1.000000;;
 }

 Frame Bip01 {
  

  FrameTransformMatrix {
   0.000002,1.000000,0.000000,0.000000,0.000000,0.000000,1.000000,0.000000,1.000000,-0.000002,-0.000000,0.000000,0.000000,-0.028600,0.915762,1.000000;;
  }

  Frame Bip01_Pelvis {
   

   FrameTransformMatrix {
    0.000002,1.000000,-0.000000,0.000000,-0.000002,-0.000000,1.000000,0.000000,1.000000,-0.000002,0.000002,0.000000,0.000000,0.000000,0.000000,1.000000;;
   }

   Frame Bip01_Spine {
    

    FrameTransformMatrix {
     1.000000,0.000002,0.000796,0.000000,-0.000002,1.000000,0.000003,0.000000,-0.000796,-0.000004,1.000000,0.000000,0.089950,0.000000,0.019861,1.000000;;
    }

    Frame Bip01_L_Thigh {
     

     FrameTransformMatrix {
      -0.916693,0.271658,0.293047,0.000000,-0.095505,-0.861058,0.499458,0.000000,0.388012,0.429862,0.815270,0.000000,-0.089966,0.109829,-0.019789,1.000000;;
     }

     Frame Bip01_L_Calf {
      

      FrameTransformMatrix {
       0.858641,-0.089187,-0.504759,0.000000,0.215745,0.956153,0.198056,0.000000,0.464962,-0.278958,0.840233,0.000000,0.413523,-0.000000,-0.000000,1.000000;;
      }

      Frame Bip01_L_Foot {
       

       FrameTransformMatrix {
        0.986586,0.162676,-0.013607,0.000000,-0.163142,0.985483,-0.046985,0.000000,0.005767,0.048574,0.998803,0.000000,0.413522,-0.000000,-0.000000,1.000000;;
       }

       Frame Bip01_L_Toe0 {
        

        FrameTransformMatrix {
         -0.006723,-0.001659,0.999976,0.000000,0.000940,0.999998,0.001665,0.000000,-0.999977,0.000951,-0.006722,0.000000,0.100631,0.000000,0.171075,1.000000;;
        }
       }
      }
     }
    }

    Frame Bip01_R_Thigh {
     

     FrameTransformMatrix {
      -0.919821,-0.341251,0.193591,0.000000,0.215509,-0.851785,-0.477513,0.000000,0.327850,-0.397506,0.857032,0.000000,-0.089966,-0.109829,-0.019789,1.000000;;
     }

     Frame Bip01_R_Calf {
      

      FrameTransformMatrix {
       0.767073,0.103501,-0.633156,0.000000,-0.133987,0.990983,-0.000332,0.000000,0.627413,0.085090,0.774024,0.000000,0.413522,-0.000000,-0.000000,1.000000;;
      }

      Frame Bip01_R_Foot {
       

       FrameTransformMatrix {
        0.955035,-0.200618,0.218311,0.000000,0.233976,0.962205,-0.139342,0.000000,-0.182105,0.184156,0.965880,0.000000,0.413522,-0.000000,-0.000000,1.000000;;
       }

       Frame Bip01_R_Toe0 {
        

        FrameTransformMatrix {
         0.063737,-0.041603,0.997099,0.000000,0.040656,0.998410,0.039059,0.000000,-0.997138,0.038049,0.065327,0.000000,0.100631,0.000000,0.171075,1.000000;;
        }
       }
      }
     }
    }

    Frame Bip01_Spine1 {
     

     FrameTransformMatrix {
      0.995640,-0.016024,0.091899,0.000000,0.016734,0.999836,-0.006965,0.000000,-0.091772,0.008472,0.995744,0.000000,0.154731,0.000000,-0.000123,1.000000;;
     }

     Frame Bip01_Spine2 {
      

      FrameTransformMatrix {
       0.996332,-0.005213,0.085412,0.000000,0.006863,0.999795,-0.019042,0.000000,-0.085296,0.019559,0.996164,0.000000,0.154731,-0.000000,-0.000123,1.000000;;
      }

      Frame Bip01_Neck {
       

       FrameTransformMatrix {
        0.923257,0.003876,0.384163,0.000000,0.003214,0.999836,-0.017812,0.000000,-0.384169,0.017680,0.923093,0.000000,0.185621,-0.000000,-0.034460,1.000000;;
       }

       Frame Bip01_Head {
        

        FrameTransformMatrix {
         0.979306,0.003222,-0.202361,0.000000,-0.022793,0.995268,-0.094457,0.000000,0.201099,0.097115,0.974745,0.000000,0.092566,0.000000,0.021031,1.000000;;
        }
       }

       Frame Bip01_L_Clavicle {
        

        FrameTransformMatrix {
         -0.386242,0.876268,0.288047,0.000000,0.917783,0.396289,0.025104,0.000000,-0.092152,0.274061,-0.957287,0.000000,-0.011404,0.064048,0.013361,1.000000;;
        }

        Frame Bip01_L_UpperArm {
         

         FrameTransformMatrix {
          0.707055,-0.597554,-0.378158,0.000000,0.632622,0.773460,-0.039362,0.000000,0.316011,-0.211400,0.924904,0.000000,0.120550,-0.000000,0.000000,1.000000;;
         }

         Frame Bip01_L_Forearm {
          

          FrameTransformMatrix {
           0.065969,0.251056,-0.965722,0.000000,0.997657,0.000999,0.068410,0.000000,0.018140,-0.967972,-0.250401,0.000000,0.303546,0.000000,0.000000,1.000000;;
          }

          Frame Bip01_L_Hand {
           

           FrameTransformMatrix {
            0.989206,-0.041266,-0.140602,0.000000,0.105159,-0.468298,0.877291,0.000000,-0.102046,-0.882607,-0.458903,0.000000,0.215225,0.000000,-0.000000,1.000000;;
           }

           Frame Bip01_L_Finger0 {
            

            FrameTransformMatrix {
             0.807464,-0.455433,0.374943,0.000000,0.551828,0.358454,-0.752992,0.000000,0.208538,0.814918,0.540759,0.000000,0.065165,-0.046864,0.008271,1.000000;;
            }

            Frame Bip01_L_Finger01 {
             

             FrameTransformMatrix {
              0.969828,0.070208,0.233464,0.000000,-0.070208,0.997497,-0.008321,0.000000,-0.233464,-0.008321,0.972330,0.000000,0.035111,0.000000,-0.000000,1.000000;;
             }

             Frame Bip01_L_Finger02 {
              

              FrameTransformMatrix {
               0.878109,0.144020,-0.456270,0.000000,-0.073078,0.982804,0.169577,0.000000,0.472847,-0.115564,0.873534,0.000000,0.028090,-0.000000,-0.000000,1.000000;;
              }
             }
            }
           }

           Frame Bip01_L_Finger1 {
            

            FrameTransformMatrix {
             0.940600,-0.092731,0.326607,0.000000,0.148443,0.977483,-0.149975,0.000000,-0.305345,0.189549,0.933186,0.000000,0.109280,-0.031758,-0.001289,1.000000;;
            }

            Frame Bip01_L_Finger11 {
             

             FrameTransformMatrix {
              0.878044,-0.062140,0.474529,0.000000,0.062140,0.997944,0.015701,0.000000,-0.474529,0.015701,0.880100,0.000000,0.036415,0.000000,-0.000000,1.000000;;
             }

             Frame Bip01_L_Finger12 {
              

              FrameTransformMatrix {
               0.877267,-0.062324,0.475940,0.000000,0.062324,0.997931,0.015801,0.000000,-0.475940,0.015801,0.879336,0.000000,0.029455,-0.000000,0.000000,1.000000;;
              }
             }
            }
           }

           Frame Bip01_L_Finger2 {
            

            FrameTransformMatrix {
             0.940947,-0.097400,0.324241,0.000000,0.156595,0.974327,-0.161755,0.000000,-0.300162,0.202977,0.932042,0.000000,0.112139,-0.005557,-0.003095,1.000000;;
            }

            Frame Bip01_L_Finger21 {
             

             FrameTransformMatrix {
              0.695516,-0.094348,0.712290,0.000000,0.094348,0.994750,0.039636,0.000000,-0.712290,0.039636,0.700766,0.000000,0.036183,0.000000,0.000000,1.000000;;
             }

             Frame Bip01_L_Finger22 {
              

              FrameTransformMatrix {
               0.719838,-0.091148,0.688132,0.000000,0.091147,0.995170,0.036470,0.000000,-0.688132,0.036469,0.724669,0.000000,0.033584,0.000000,0.000000,1.000000;;
              }
             }
            }
           }

           Frame Bip01_L_Finger3 {
            

            FrameTransformMatrix {
             0.954785,-0.114169,0.274501,0.000000,0.123245,0.992248,-0.015984,0.000000,-0.270549,0.049092,0.961454,0.000000,0.110746,0.020346,0.005982,1.000000;;
            }

            Frame Bip01_L_Finger31 {
             

             FrameTransformMatrix {
              0.357303,-0.126849,0.925335,0.000000,0.126849,0.988145,0.086478,0.000000,-0.925334,0.086478,0.369158,0.000000,0.031014,-0.000000,0.000000,1.000000;;
             }

             Frame Bip01_L_Finger32 {
              

              FrameTransformMatrix {
               0.819761,0.056986,0.569864,0.000000,-0.033384,0.998100,-0.051785,0.000000,-0.571732,0.023427,0.820106,0.000000,0.031014,0.000000,0.000000,1.000000;;
              }
             }
            }
           }

           Frame Bip01_L_Finger4 {
            

            FrameTransformMatrix {
             0.993994,-0.064992,0.088042,0.000000,0.052907,0.989669,0.133251,0.000000,-0.095792,-0.127793,0.987164,0.000000,0.089969,0.040408,0.014388,1.000000;;
            }

            Frame Bip01_L_Finger41 {
             

             FrameTransformMatrix {
              0.620862,-0.108930,0.776315,0.000000,0.108930,0.992679,0.052172,0.000000,-0.776315,0.052172,0.628183,0.000000,0.029096,-0.000000,0.000000,1.000000;;
             }

             Frame Bip01_L_Finger42 {
              

              FrameTransformMatrix {
               0.848118,-0.073619,0.524668,0.000000,0.073619,0.997067,0.020900,0.000000,-0.524668,0.020900,0.851051,0.000000,0.030187,-0.000000,0.000000,1.000000;;
              }
             }
            }
           }
          }
         }
        }
       }

       Frame Bip01_R_Clavicle {
        

        FrameTransformMatrix {
         -0.339631,-0.917874,0.205323,0.000000,-0.936343,0.350600,0.018484,0.000000,-0.088952,-0.185975,-0.978520,0.000000,-0.011405,-0.064048,0.013361,1.000000;;
        }

        Frame Bip01_R_UpperArm {
         

         FrameTransformMatrix {
          0.748765,0.529114,-0.399236,0.000000,-0.225268,0.769599,0.597472,0.000000,0.623382,-0.357430,0.695441,0.000000,0.120550,-0.000000,0.000000,1.000000;;
         }

         Frame Bip01_R_Forearm {
          

          FrameTransformMatrix {
           -0.062357,-0.298493,-0.952373,0.000000,-0.387968,0.886433,-0.252424,0.000000,0.919561,0.353750,-0.171081,0.000000,0.303546,0.000000,0.000000,1.000000;;
          }

          Frame Bip01_R_Hand {
           

           FrameTransformMatrix {
            0.917346,0.185912,-0.352013,0.000000,-0.362725,0.025994,-0.931534,0.000000,-0.164033,0.982222,0.091280,0.000000,0.215225,0.000000,0.000000,1.000000;;
           }

           Frame Bip01_R_Finger0 {
            

            FrameTransformMatrix {
             0.833665,0.423734,0.354193,0.000000,-0.440604,0.123631,0.889147,0.000000,0.332972,-0.897310,0.289766,0.000000,0.065165,0.046864,0.008270,1.000000;;
            }

            Frame Bip01_R_Finger01 {
             

             FrameTransformMatrix {
              0.925981,-0.131049,0.354097,0.000000,0.141337,0.989956,-0.003225,0.000000,-0.350118,0.053034,0.935203,0.000000,0.035111,0.000000,-0.000000,1.000000;;
             }

             Frame Bip01_R_Finger02 {
              

              FrameTransformMatrix {
               0.860530,-0.389248,0.328595,0.000000,0.405648,0.913807,0.020163,0.000000,-0.308121,0.115943,0.944256,0.000000,0.028090,0.000000,0.000000,1.000000;;
              }
             }
            }
           }

           Frame Bip01_R_Finger1 {
            

            FrameTransformMatrix {
             0.996114,-0.028649,0.083278,0.000000,0.028660,0.999588,0.001073,0.000000,-0.083275,0.001318,0.996526,0.000000,0.109280,0.031758,-0.001290,1.000000;;
            }

            Frame Bip01_R_Finger11 {
             

             FrameTransformMatrix {
              0.979656,0.029826,0.198457,0.000000,-0.029826,0.999551,-0.002990,0.000000,-0.198457,-0.002990,0.980105,0.000000,0.036415,0.000000,-0.000000,1.000000;;
             }

             Frame Bip01_R_Finger12 {
              

              FrameTransformMatrix {
               0.832464,0.082348,0.547925,0.000000,-0.082349,0.996299,-0.024623,0.000000,-0.547925,-0.024623,0.836165,0.000000,0.029455,0.000000,0.000000,1.000000;;
              }
             }
            }
           }

           Frame Bip01_R_Finger2 {
            

            FrameTransformMatrix {
             0.987702,-0.153898,0.027558,0.000000,0.151963,0.986425,0.062235,0.000000,-0.036762,-0.057282,0.997681,0.000000,0.112139,0.005557,-0.003095,1.000000;;
            }

            Frame Bip01_R_Finger21 {
             

             FrameTransformMatrix {
              -0.226510,0.146186,0.962976,0.000000,-0.146186,0.972372,-0.181998,0.000000,-0.962976,-0.181998,-0.198881,0.000000,0.036183,0.000000,0.000000,1.000000;;
             }

             Frame Bip01_R_Finger22 {
              

              FrameTransformMatrix {
               0.320735,0.142158,0.936440,0.000000,-0.142158,0.984699,-0.100794,0.000000,-0.936440,-0.100794,0.336037,0.000000,0.033584,0.000000,0.000000,1.000000;;
              }
             }
            }
           }

           Frame Bip01_R_Finger3 {
            

            FrameTransformMatrix {
             0.974449,-0.077069,0.210974,0.000000,0.121851,0.970445,-0.208300,0.000000,-0.188685,0.228685,0.955040,0.000000,0.110746,-0.020346,0.005982,1.000000;;
            }

            Frame Bip01_R_Finger31 {
             

             FrameTransformMatrix {
              -0.409310,0.141038,0.901429,0.000000,-0.141037,0.966325,-0.215232,0.000000,-0.901429,-0.215231,-0.375635,0.000000,0.031014,0.000000,0.000000,1.000000;;
             }

             Frame Bip01_R_Finger32 {
              

              FrameTransformMatrix {
               0.193281,0.151664,0.969351,0.000000,-0.151664,0.980724,-0.123202,0.000000,-0.969351,-0.123203,0.212557,0.000000,0.031014,0.000000,0.000000,1.000000;;
              }
             }
            }
           }

           Frame Bip01_R_Finger4 {
            

            FrameTransformMatrix {
             0.990255,-0.076714,0.116234,0.000000,0.108125,0.949518,-0.294489,0.000000,-0.087775,0.304187,0.948560,0.000000,0.089970,-0.040408,0.014388,1.000000;;
            }

            Frame Bip01_R_Finger41 {
             

             FrameTransformMatrix {
              -0.072094,0.157301,0.984916,0.000000,-0.157300,0.973334,-0.166965,0.000000,-0.984916,-0.166965,-0.045428,0.000000,0.029096,-0.000000,-0.000000,1.000000;;
             }

             Frame Bip01_R_Finger42 {
              

              FrameTransformMatrix {
               0.216379,0.153974,0.964091,0.000000,-0.153975,0.980509,-0.122038,0.000000,-0.964091,-0.122039,0.235870,0.000000,0.030187,0.000000,0.000000,1.000000;;
              }
             }
            }
           }
          }
         }
        }
       }
      }
     }
    }
   }
  }
 }

 Frame de_cloth_feldhose_m1915_puttees_LOD1 {
  

  FrameTransformMatrix {
   1.000000,-0.000001,-0.000000,0.000000,0.000000,0.000000,1.000000,0.000000,-0.000001,-1.000000,0.000000,0.000000,0.076186,0.526155,0.154823,1.000000;;
  }

  Mesh de_cloth_feldhose_m1915_puttees_LOD1 {
   795;
   0.155446;0.140081;0.097203;,
   0.151607;0.121701;0.071450;,
   0.155546;0.119820;0.090738;,
   0.150203;0.175263;0.097721;,
   0.144461;0.209861;0.099739;,
   0.157465;0.118758;0.089533;,
   0.161210;0.118358;0.090156;,
   0.155733;0.120205;0.073015;,
   0.139583;0.211111;0.068046;,
   0.136697;0.244663;0.102297;,
   0.127840;0.280031;0.104958;,
   0.151860;0.122903;0.052530;,
   0.155035;0.121485;0.054516;,
   0.105257;0.352164;0.066373;,
   0.119302;0.317043;0.107118;,
   0.112173;0.355207;0.106863;,
   0.108272;0.391462;0.102987;,
   0.117036;0.352331;0.029064;,
   0.157965;0.124491;0.031866;,
   0.160594;0.122125;0.036213;,
   0.175714;0.129283;0.005861;,
   0.170734;0.125299;0.017973;,
   0.185204;0.129098;0.002291;,
   0.211873;0.139233;-0.019649;,
   0.210044;0.136387;-0.014558;,
   0.229360;0.136171;-0.009544;,
   0.244391;0.137876;-0.001873;,
   0.240565;0.134858;0.001417;,
   0.247280;0.132850;0.017558;,
   0.255116;0.133542;0.041116;,
   0.249790;0.130679;0.040170;,
   0.249800;0.127945;0.066529;,
   0.243250;0.125605;0.097589;,
   0.241094;0.122674;0.094901;,
   0.218762;0.116520;0.113168;,
   0.200856;0.115873;0.125240;,
   0.201715;0.114560;0.120335;,
   0.178926;0.115258;0.122058;,
   0.182657;0.114069;0.118465;,
   0.163637;0.117380;0.110250;,
   0.169002;0.116127;0.109220;,
   0.157465;0.118758;0.089533;,
   0.155546;0.119820;0.090738;,
   0.155446;0.140081;0.097203;,
   0.161210;0.118358;0.090156;,
   0.165466;0.211257;0.123739;,
   0.150203;0.175263;0.097721;,
   0.144461;0.209861;0.099739;,
   0.136697;0.244663;0.102297;,
   0.127840;0.280031;0.104958;,
   0.119302;0.317043;0.107118;,
   0.140681;0.358826;0.136677;,
   0.112173;0.355207;0.106863;,
   0.108272;0.391462;0.102987;,
   0.180413;0.362635;0.142960;,
   0.229052;0.151857;0.105498;,
   0.204350;0.431647;0.121917;,
   0.238068;0.330659;0.088097;,
   0.246035;0.156571;0.075361;,
   0.244686;0.367473;0.049980;,
   0.246119;0.162294;0.010948;,
   0.239044;0.260035;0.017858;,
   0.212703;0.291867;-0.002074;,
   0.168411;0.428033;0.142341;,
   0.165278;0.430202;0.134402;,
   0.131298;0.426776;0.122394;,
   0.199406;0.431657;0.117063;,
   0.131417;0.424337;0.129293;,
   0.111507;0.425420;0.091523;,
   0.111299;0.424957;0.094840;,
   0.109841;0.422979;0.095731;,
   0.194690;0.159087;-0.008103;,
   0.185681;0.255288;-0.002425;,
   0.159555;0.420353;-0.021788;,
   0.152600;0.284195;0.009595;,
   0.134853;0.415380;-0.006185;,
   0.157279;0.423694;-0.016716;,
   0.134591;0.418740;-0.002371;,
   0.117354;0.420601;0.019245;,
   0.191771;0.425074;-0.016689;,
   0.197081;0.422267;-0.021743;,
   0.220139;0.432212;0.008452;,
   0.100938;0.420640;0.051522;,
   0.103347;0.423638;0.050887;,
   0.111299;0.424957;0.094840;,
   0.109841;0.422979;0.095731;,
   0.111507;0.425420;0.091523;,
   0.227936;0.430791;0.005614;,
   0.227843;0.434014;0.050213;,
   0.236327;0.432727;0.051062;,
   0.220502;0.431563;0.088036;,
   0.228374;0.429985;0.092134;,
   0.147835;0.214171;0.037700;,
   -0.145253;0.114889;0.126735;,
   -0.125539;0.116786;0.109677;,
   -0.128366;0.143668;0.108710;,
   -0.123235;0.176389;0.108489;,
   -0.119068;0.210005;0.110608;,
   -0.128394;0.115145;0.106977;,
   -0.133143;0.114132;0.108353;,
   -0.147293;0.112348;0.119873;,
   -0.164405;0.115126;0.130235;,
   -0.166142;0.112301;0.123189;,
   -0.182744;0.113151;0.117237;,
   -0.210360;0.121699;0.103409;,
   -0.206353;0.118243;0.101330;,
   -0.132817;0.319555;0.140747;,
   -0.113086;0.244166;0.113143;,
   -0.105724;0.279672;0.115378;,
   -0.098657;0.316225;0.117086;,
   -0.122496;0.420583;0.140543;,
   -0.093242;0.353318;0.117518;,
   -0.090885;0.388367;0.115606;,
   -0.090674;0.416071;0.112606;,
   -0.092226;0.418008;0.111172;,
   -0.121873;0.422707;0.132227;,
   -0.092626;0.418580;0.106575;,
   -0.159991;0.428263;0.126617;,
   -0.163543;0.428281;0.132410;,
   -0.186583;0.428779;0.100909;,
   -0.191712;0.428805;0.105157;,
   -0.203445;0.428561;0.067086;,
   -0.216436;0.424294;0.033273;,
   -0.208187;0.425816;0.033650;,
   -0.199127;0.423143;0.002779;,
   -0.206579;0.421067;-0.000346;,
   -0.166965;0.418396;-0.015844;,
   -0.171573;0.415894;-0.020615;,
   -0.132701;0.414687;-0.013403;,
   -0.134281;0.411858;-0.017958;,
   -0.105355;0.413910;0.007210;,
   -0.183958;0.254402;0.001041;,
   -0.104519;0.411011;0.004477;,
   -0.088621;0.413002;0.037039;,
   -0.086305;0.410023;0.036942;,
   -0.083058;0.415443;0.069423;,
   -0.080253;0.412676;0.072184;,
   -0.092626;0.418580;0.106575;,
   -0.092226;0.418008;0.111172;,
   -0.090674;0.416071;0.112606;,
   -0.090885;0.388367;0.115606;,
   -0.210062;0.256414;0.015030;,
   -0.187559;0.138211;-0.015796;,
   -0.086341;0.314555;0.078605;,
   -0.093242;0.353318;0.117518;,
   -0.098657;0.316225;0.117086;,
   -0.105724;0.279672;0.115378;,
   -0.113086;0.244166;0.113143;,
   -0.118703;0.146439;0.077747;,
   -0.119068;0.210005;0.110608;,
   -0.123235;0.176389;0.108489;,
   -0.128366;0.143668;0.108710;,
   -0.125539;0.116786;0.109677;,
   -0.089938;0.350459;0.038834;,
   -0.225642;0.133347;0.021397;,
   -0.223234;0.361693;0.039036;,
   -0.216224;0.220111;0.072693;,
   -0.221418;0.127187;0.076635;,
   -0.218106;0.123370;0.074023;,
   -0.220847;0.126272;0.047961;,
   -0.221089;0.128759;0.025414;,
   -0.216448;0.131119;0.008595;,
   -0.208252;0.138857;-0.009539;,
   -0.205589;0.132359;-0.003874;,
   -0.185746;0.132534;-0.010718;,
   -0.141403;0.128335;0.012138;,
   -0.159714;0.126189;0.003756;,
   -0.144665;0.123487;0.016622;,
   -0.225642;0.133347;0.021397;,
   -0.201900;0.363748;0.109856;,
   -0.181869;0.140329;0.119131;,
   -0.171378;0.361068;0.137614;,
   -0.219466;0.363651;0.075522;,
   -0.117585;0.121441;0.070295;,
   -0.128394;0.115145;0.106977;,
   -0.126551;0.116295;0.087440;,
   -0.133143;0.114132;0.108353;,
   -0.123132;0.118441;0.069757;,
   -0.124604;0.119871;0.051216;,
   -0.119237;0.123423;0.049432;,
   -0.132297;0.120480;0.033608;,
   -0.124357;0.149683;0.045587;,
   -0.128603;0.248829;0.019866;,
   -0.164411;0.158183;-0.003405;,
   -0.149804;0.284371;0.000364;,
   -0.021637;0.571684;0.087974;,
   -0.031097;0.577516;0.000298;,
   -0.009851;0.596060;0.063819;,
   -0.023733;0.669791;0.003518;,
   -0.010006;0.632501;0.047792;,
   -0.004524;0.674794;0.074001;,
   -0.004839;0.702925;0.073949;,
   -0.003572;0.725030;0.023117;,
   -0.006844;0.726174;0.076592;,
   0.005763;0.735534;0.032541;,
   0.003353;0.736977;0.075910;,
   0.001925;0.750515;0.002053;,
   -0.020954;0.745667;-0.011882;,
   -0.005691;0.763999;-0.045855;,
   -0.013452;0.781493;-0.085084;,
   -0.071205;0.790357;-0.081936;,
   -0.053807;0.640381;-0.038142;,
   -0.070367;0.744062;-0.058985;,
   -0.079002;0.569933;-0.046828;,
   -0.134612;0.662515;-0.060187;,
   -0.112526;0.502430;-0.053828;,
   -0.067801;0.538618;-0.031988;,
   -0.117132;0.806061;-0.080434;,
   -0.165529;0.714456;-0.056312;,
   -0.141136;0.914992;-0.065476;,
   -0.108477;0.912490;-0.085373;,
   -0.188580;0.585755;-0.037590;,
   -0.152037;0.501277;-0.056768;,
   -0.192855;0.517443;-0.038602;,
   -0.222763;0.559802;0.010781;,
   -0.089294;0.482706;-0.011342;,
   -0.142673;0.479521;-0.038046;,
   -0.200963;0.497167;-0.033548;,
   -0.126652;0.449724;-0.042521;,
   -0.053655;0.455113;0.002102;,
   -0.082217;0.424719;-0.010960;,
   -0.132701;0.414687;-0.013403;,
   -0.105355;0.413910;0.007210;,
   -0.088621;0.413002;0.037039;,
   -0.202892;0.447087;-0.026184;,
   -0.166965;0.418396;-0.015844;,
   -0.199127;0.423143;0.002779;,
   -0.223076;0.445118;-0.004479;,
   -0.208187;0.425816;0.033650;,
   -0.162572;0.464655;-0.029881;,
   -0.229958;0.473301;0.012644;,
   -0.235663;0.465344;0.033766;,
   -0.198926;0.507029;0.070379;,
   -0.218779;0.447846;0.048237;,
   -0.203445;0.428561;0.067086;,
   -0.192130;0.446890;0.115079;,
   -0.186583;0.428779;0.100909;,
   -0.165551;0.452502;0.140853;,
   -0.159991;0.428263;0.126617;,
   -0.121873;0.422707;0.132227;,
   -0.100860;0.461942;0.149188;,
   -0.092626;0.418580;0.106575;,
   -0.123036;0.492765;0.150503;,
   -0.202317;0.512921;0.115804;,
   -0.182473;0.494904;0.139473;,
   -0.066800;0.448250;0.124157;,
   -0.083058;0.415443;0.069423;,
   -0.065726;0.429630;0.071076;,
   -0.051531;0.444751;0.082873;,
   -0.091709;0.479861;0.134396;,
   -0.039116;0.474412;0.091058;,
   -0.062321;0.492385;0.141109;,
   -0.030811;0.511403;0.078665;,
   -0.085477;0.539655;0.145831;,
   -0.136006;0.537421;0.138040;,
   -0.213624;0.577799;0.095363;,
   -0.125396;0.563178;0.153378;,
   -0.051084;0.546549;0.107724;,
   -0.178022;0.647459;0.131598;,
   -0.122008;0.614871;0.138559;,
   -0.045446;0.520499;0.127033;,
   -0.030120;0.541196;0.091205;,
   -0.021637;0.571684;0.087974;,
   -0.028871;0.599729;0.120909;,
   -0.009851;0.596060;0.063819;,
   -0.010633;0.646386;0.084743;,
   -0.010006;0.632501;0.047792;,
   -0.004524;0.674794;0.074001;,
   -0.205627;0.691583;0.099312;,
   -0.036068;0.672521;0.114619;,
   -0.004839;0.702925;0.073949;,
   -0.017411;0.751621;0.135714;,
   -0.006844;0.726174;0.076592;,
   0.006483;0.757352;0.118333;,
   -0.005952;0.762715;0.132894;,
   0.003353;0.736977;0.075910;,
   -0.064627;0.646264;0.142397;,
   -0.026525;0.642396;0.125823;,
   -0.097434;0.587324;0.150247;,
   -0.104335;0.658851;0.145366;,
   -0.064575;0.742112;0.136753;,
   -0.121266;0.723157;0.144780;,
   -0.088664;0.802734;0.186548;,
   -0.051972;0.802162;0.192693;,
   -0.118387;0.828958;0.184225;,
   -0.112983;0.911482;0.186349;,
   -0.054750;0.917925;0.200066;,
   0.004690;0.917944;0.198335;,
   0.006653;0.845472;0.197471;,
   0.005236;1.001541;0.177753;,
   0.006331;0.811357;0.194990;,
   -0.054762;1.002473;0.176085;,
   -0.027675;0.768292;0.145750;,
   0.004383;0.790095;0.177543;,
   -0.163287;0.836228;0.145498;,
   -0.137857;0.911555;0.167005;,
   -0.187664;0.922059;0.072287;,
   -0.121211;0.993379;0.144416;,
   -0.184455;0.810163;0.117259;,
   -0.150305;0.767290;0.137550;,
   -0.178378;0.689659;0.121734;,
   -0.197748;0.850053;0.083120;,
   -0.200175;0.847448;0.043236;,
   -0.205862;0.647912;0.067729;,
   -0.181418;0.810384;-0.028752;,
   -0.194341;0.633982;-0.008941;,
   -0.188249;0.920821;0.034014;,
   -0.166351;0.986044;0.031583;,
   -0.157154;0.988560;0.096971;,
   -0.127041;0.984836;-0.056986;,
   -0.203410;0.526232;-0.005702;,
   -0.065358;0.978991;-0.090296;,
   0.012732;0.972849;-0.090387;,
   0.013608;0.906049;-0.104504;,
   -0.072551;0.829212;-0.094724;,
   0.003222;0.818623;-0.103024;,
   0.199406;0.431657;0.117063;,
   0.179994;0.447056;0.139364;,
   0.165278;0.430202;0.134402;,
   0.231284;0.445007;0.100315;,
   0.220502;0.431563;0.088036;,
   0.140189;0.474537;0.160465;,
   0.097748;0.460354;0.142202;,
   0.131298;0.426776;0.122394;,
   0.095457;0.447201;0.097496;,
   0.068163;0.459859;0.108112;,
   0.111507;0.425420;0.091523;,
   0.065806;0.488837;0.115763;,
   0.092219;0.506558;0.138887;,
   0.070837;0.511829;0.128683;,
   0.147114;0.531803;0.169044;,
   0.188721;0.480929;0.151568;,
   0.099305;0.534647;0.160209;,
   0.069400;0.534747;0.111955;,
   0.049506;0.558216;0.096569;,
   0.064938;0.579375;0.126238;,
   0.046028;0.596643;0.080825;,
   0.041086;0.637031;0.082713;,
   0.146718;0.570906;0.164335;,
   0.061319;0.656888;0.135986;,
   0.030737;0.668464;0.080362;,
   0.020836;0.697358;0.079678;,
   0.041350;0.720496;0.141875;,
   0.011830;0.720972;0.079971;,
   0.006483;0.757352;0.118333;,
   0.003353;0.736977;0.075910;,
   0.094737;0.647669;0.164578;,
   0.147307;0.654634;0.150995;,
   0.126489;0.710559;0.155773;,
   0.075539;0.673290;0.154560;,
   0.078179;0.755930;0.143952;,
   0.182703;0.530210;0.166923;,
   0.199197;0.556286;0.136743;,
   0.213920;0.659681;0.097338;,
   0.226693;0.529853;0.117304;,
   0.234459;0.543542;0.073900;,
   0.222498;0.505616;-0.010729;,
   0.104338;0.748957;0.158018;,
   0.045832;0.799689;0.193479;,
   0.004383;0.790095;0.177543;,
   0.006331;0.811357;0.194990;,
   0.006653;0.845472;0.197471;,
   0.016232;0.768323;0.149046;,
   -0.005952;0.762715;0.132894;,
   0.082241;0.825686;0.196094;,
   0.076371;0.908437;0.197193;,
   0.004690;0.917944;0.198335;,
   0.005236;1.001541;0.177753;,
   0.141281;0.833993;0.172977;,
   0.095572;0.995615;0.162118;,
   0.129314;0.744737;0.154281;,
   0.210204;0.743890;0.094667;,
   0.186278;0.702222;0.124166;,
   0.133053;0.913107;0.173103;,
   0.201179;0.818161;0.091747;,
   0.159416;0.919935;0.148340;,
   0.187041;0.923396;0.085234;,
   0.137963;0.990298;0.131983;,
   0.214963;0.780721;0.058546;,
   0.184298;0.921893;0.014126;,
   0.207022;0.702321;0.092032;,
   0.206935;0.776713;0.023396;,
   0.154994;0.919077;-0.049813;,
   0.152784;0.984943;-0.016541;,
   0.106796;0.981198;-0.066291;,
   0.125808;0.916016;-0.074248;,
   0.164923;0.989571;0.075421;,
   0.227373;0.700755;0.061567;,
   0.218684;0.614374;0.064040;,
   0.208759;0.693825;-0.007145;,
   0.215621;0.611937;-0.005952;,
   0.242840;0.538989;0.031700;,
   0.208978;0.574021;-0.039724;,
   0.192586;0.690363;-0.038853;,
   0.180702;0.510915;-0.069165;,
   0.157749;0.723371;-0.062513;,
   0.137084;0.640967;-0.065819;,
   0.131167;0.520839;-0.061443;,
   0.097674;0.839068;-0.084800;,
   0.074783;0.750748;-0.062558;,
   0.075524;0.633051;-0.029360;,
   0.048991;0.785403;-0.069615;,
   0.003222;0.818623;-0.103024;,
   -0.013452;0.781493;-0.085084;,
   0.050909;0.907520;-0.099930;,
   0.013608;0.906049;-0.104504;,
   0.012732;0.972849;-0.090387;,
   0.138754;0.461918;-0.035948;,
   0.216833;0.481020;-0.048960;,
   0.207492;0.466774;-0.031782;,
   0.045834;0.734015;-0.035850;,
   0.063268;0.527274;0.004038;,
   0.038626;0.631407;0.024668;,
   0.089114;0.524574;-0.030333;,
   0.101257;0.444105;-0.011735;,
   0.080160;0.445325;0.017310;,
   0.187768;0.439042;-0.038608;,
   0.139273;0.437575;-0.033215;,
   0.191771;0.425074;-0.016689;,
   0.157279;0.423694;-0.016716;,
   0.088417;0.427166;0.023854;,
   0.134591;0.418740;-0.002371;,
   0.117354;0.420601;0.019245;,
   0.103347;0.423638;0.050887;,
   0.111507;0.425420;0.091523;,
   0.095457;0.447201;0.097496;,
   0.068163;0.459859;0.108112;,
   0.062750;0.471404;0.058095;,
   0.065806;0.488837;0.115763;,
   0.070837;0.511829;0.128683;,
   0.069400;0.534747;0.111955;,
   0.054576;0.531790;0.052338;,
   0.049506;0.558216;0.096569;,
   0.046028;0.596643;0.080825;,
   0.041086;0.637031;0.082713;,
   0.030737;0.668464;0.080362;,
   0.015507;0.718749;0.029724;,
   0.020836;0.697358;0.079678;,
   0.011830;0.720972;0.079971;,
   0.003353;0.736977;0.075910;,
   0.005763;0.735534;0.032541;,
   0.001925;0.750515;0.002053;,
   0.013219;0.760815;-0.038734;,
   -0.005691;0.763999;-0.045855;,
   0.251824;0.454902;0.034646;,
   0.227843;0.434014;0.050213;,
   0.220139;0.432212;0.008452;,
   0.228618;0.452614;-0.018276;,
   0.242821;0.482345;-0.020689;,
   0.252595;0.484554;0.030585;,
   0.230928;0.501512;0.105762;,
   0.240398;0.475038;0.079308;,
   0.213010;0.510069;-0.046458;,
   0.235967;0.537104;-0.010288;,
   0.252805;0.449922;0.060687;,
   0.208944;0.582000;0.099117;,
   -0.065726;0.429630;0.071076;,
   -0.065815;0.422542;0.034223;,
   -0.083058;0.415443;0.069423;,
   -0.051531;0.444751;0.082873;,
   -0.039116;0.474412;0.091058;,
   -0.030265;0.490534;0.027083;,
   -0.030811;0.511403;0.078665;,
   -0.077683;0.498918;-0.030302;,
   -0.034587;0.546214;0.043535;,
   -0.030120;0.541196;0.091205;,
   0.209985;0.015881;0.122453;,
   0.241985;0.018703;0.113513;,
   0.209846;0.019076;0.121195;,
   0.210228;0.010289;0.124722;,
   0.210674;-0.004779;0.124885;,
   0.226360;-0.005297;0.122680;,
   0.243354;-0.005967;0.114540;,
   0.256672;0.018165;0.099314;,
   0.256271;-0.007015;0.100790;,
   0.268728;0.014042;0.076551;,
   0.268268;0.056400;0.082052;,
   0.236918;0.057878;0.118266;,
   0.271329;0.017189;0.029899;,
   0.270143;0.049919;-0.002082;,
   0.305835;-0.005521;-0.093570;,
   0.291705;0.032035;-0.112873;,
   0.256628;0.110629;0.069521;,
   0.248003;0.091116;-0.009800;,
   0.249790;0.130679;0.040170;,
   0.249800;0.127945;0.066529;,
   0.247280;0.132850;0.017558;,
   0.241094;0.122674;0.094901;,
   0.227449;0.089239;0.113121;,
   0.218762;0.116520;0.113168;,
   0.201715;0.114560;0.120335;,
   0.187481;0.102682;0.121788;,
   0.193715;0.090373;0.122723;,
   0.204045;0.060349;0.126397;,
   0.182657;0.114069;0.118465;,
   0.207988;0.033856;0.125302;,
   0.241985;0.018703;0.113513;,
   0.209846;0.019076;0.121195;,
   0.235238;0.101702;-0.017198;,
   0.240565;0.134858;0.001417;,
   0.225203;0.124997;-0.012021;,
   0.229360;0.136171;-0.009544;,
   0.210044;0.136387;-0.014558;,
   0.204864;0.098994;-0.024157;,
   0.185204;0.129098;0.002291;,
   0.178523;0.054387;-0.013139;,
   0.170734;0.125299;0.017973;,
   0.160594;0.122125;0.036213;,
   0.152198;0.103523;0.063774;,
   0.155035;0.121485;0.054516;,
   0.155733;0.120205;0.073015;,
   0.155388;0.055306;0.051663;,
   0.163880;0.017314;0.073328;,
   0.157752;0.086160;0.089064;,
   0.161210;0.118358;0.090156;,
   0.175404;0.102900;0.115724;,
   0.169002;0.116127;0.109220;,
   0.182657;0.114069;0.118465;,
   0.187481;0.102682;0.121788;,
   0.193715;0.090373;0.122723;,
   0.196120;0.019032;0.118636;,
   0.204045;0.060349;0.126397;,
   0.207988;0.033856;0.125302;,
   0.209846;0.019076;0.121195;,
   0.181785;0.018739;0.110066;,
   0.170246;0.018265;0.095342;,
   0.164588;0.016742;0.048863;,
   0.180759;0.011615;-0.004702;,
   0.182131;-0.001291;-0.041112;,
   0.183195;0.031847;-0.070480;,
   0.200891;0.044188;-0.104427;,
   0.204754;0.036082;-0.165007;,
   0.225502;0.048482;-0.162708;,
   0.260624;0.051336;-0.098560;,
   0.236609;0.081697;-0.038578;,
   0.276049;0.042207;-0.063758;,
   0.204424;0.080390;-0.042765;,
   0.247644;0.040527;-0.191112;,
   0.249611;0.011229;-0.209865;,
   0.217999;0.009398;-0.203917;,
   0.275928;0.012285;-0.189746;,
   0.270075;0.045952;-0.149668;,
   0.302132;0.012093;-0.123516;,
   0.294648;0.003085;-0.163146;,
   0.194210;0.002454;-0.177153;,
   0.174443;-0.006154;-0.108049;,
   0.182098;-0.005034;-0.041206;,
   0.177301;-0.009230;-0.069653;,
   0.179343;0.002771;-0.006285;,
   0.180759;0.011615;-0.004702;,
   0.170481;0.004520;0.022762;,
   0.174443;-0.006154;-0.108049;,
   0.174188;-0.010899;-0.108062;,
   0.194210;0.002454;-0.177153;,
   0.180883;-0.008689;-0.144365;,
   0.194488;-0.002752;-0.177682;,
   0.217999;0.009398;-0.203917;,
   0.217518;0.002970;-0.203523;,
   0.248821;0.006218;-0.209845;,
   0.249611;0.011229;-0.209865;,
   0.277407;0.003118;-0.192375;,
   0.275928;0.012285;-0.189746;,
   0.164588;0.016742;0.048863;,
   0.171150;-0.009385;0.024423;,
   0.166294;-0.007583;0.050268;,
   0.165159;-0.006607;0.071681;,
   0.163880;0.017314;0.073328;,
   0.170645;-0.005604;0.096020;,
   0.170246;0.018265;0.095342;,
   0.182807;-0.005224;0.112931;,
   0.294648;0.003085;-0.163146;,
   0.294751;-0.001188;-0.163315;,
   0.302132;0.012093;-0.123516;,
   0.305186;-0.006444;-0.127941;,
   0.305835;-0.005521;-0.093570;,
   0.305657;-0.010126;-0.093749;,
   0.299194;-0.010379;-0.062435;,
   0.290384;-0.007806;-0.034688;,
   0.271329;0.017189;0.029899;,
   0.279902;0.000450;-0.001032;,
   0.181785;0.018739;0.110066;,
   0.197536;-0.005782;0.122079;,
   0.196120;0.019032;0.118636;,
   0.210228;0.010289;0.124722;,
   0.209985;0.015881;0.122453;,
   0.210674;-0.004779;0.124885;,
   0.209846;0.019076;0.121195;,
   0.279902;0.000450;-0.001032;,
   0.272154;0.005563;0.030539;,
   0.271340;-0.008178;0.053997;,
   0.271134;-0.007999;0.031171;,
   0.266626;-0.007239;0.077626;,
   0.290384;-0.007806;-0.034688;,
   0.182098;-0.005034;-0.041206;,
   0.177301;-0.009230;-0.069653;,
   0.279902;0.000450;-0.001032;,
   0.179343;0.002771;-0.006285;,
   0.272154;0.005563;0.030539;,
   0.170481;0.004520;0.022762;,
   0.299194;-0.010379;-0.062435;,
   0.174188;-0.010899;-0.108062;,
   0.305657;-0.010126;-0.093749;,
   0.180883;-0.008689;-0.144365;,
   0.305186;-0.006444;-0.127941;,
   0.194488;-0.002752;-0.177682;,
   0.294751;-0.001188;-0.163315;,
   0.217518;0.002970;-0.203523;,
   0.277407;0.003118;-0.192375;,
   0.248821;0.006218;-0.209845;,
   0.171150;-0.009385;0.024423;,
   0.170481;0.004520;0.022762;,
   0.271134;-0.007999;0.031171;,
   0.272154;0.005563;0.030539;,
   0.165159;-0.006607;0.071681;,
   0.171150;-0.009385;0.024423;,
   0.170645;-0.005604;0.096020;,
   0.166294;-0.007583;0.050268;,
   0.197536;-0.005782;0.122079;,
   0.182807;-0.005224;0.112931;,
   0.256271;-0.007015;0.100790;,
   0.226360;-0.005297;0.122680;,
   0.210674;-0.004779;0.124885;,
   0.243354;-0.005967;0.114540;,
   0.271340;-0.008178;0.053997;,
   0.271134;-0.007999;0.031171;,
   0.256271;-0.007015;0.100790;,
   0.271340;-0.008178;0.053997;,
   0.266626;-0.007239;0.077626;,
   -0.206003;0.017075;0.122216;,
   -0.173438;0.013724;0.127900;,
   -0.173262;0.016867;0.126460;,
   -0.173731;0.008227;0.130483;,
   -0.174796;-0.006795;0.131390;,
   -0.190625;-0.006864;0.130899;,
   -0.208404;-0.007248;0.124654;,
   -0.222155;0.016461;0.109678;,
   -0.222760;-0.008338;0.112411;,
   -0.235567;-0.009006;0.090510;,
   -0.235196;0.015271;0.088707;,
   -0.246444;0.009910;0.042720;,
   -0.242867;-0.010571;0.067596;,
   -0.245690;0.002336;0.043768;,
   -0.257172;-0.003495;0.013582;,
   -0.245156;-0.011158;0.044907;,
   -0.271532;-0.012517;-0.018394;,
   -0.293237;-0.011707;-0.075308;,
   -0.283389;-0.015729;-0.044912;,
   -0.293219;-0.016319;-0.075333;,
   -0.296370;-0.013818;-0.109490;,
   -0.292294;0.004744;-0.106118;,
   -0.289702;-0.010124;-0.145955;,
   -0.289452;-0.005854;-0.145959;,
   -0.275509;-0.007401;-0.176859;,
   -0.273476;0.001795;-0.174749;,
   -0.249555;-0.000839;-0.197538;,
   -0.248919;-0.005871;-0.197416;,
   -0.217553;-0.003543;-0.194972;,
   -0.217226;-0.009967;-0.194392;,
   -0.191697;-0.015590;-0.170991;,
   -0.191206;-0.010381;-0.170691;,
   -0.174725;-0.020852;-0.139139;,
   -0.164179;-0.022056;-0.103713;,
   -0.164288;-0.017308;-0.103850;,
   -0.163033;-0.018979;-0.065282;,
   -0.164479;-0.009916;-0.036703;,
   -0.164569;-0.013659;-0.036661;,
   -0.157756;-0.004751;-0.002573;,
   -0.158656;0.004234;-0.001211;,
   -0.145622;-0.002268;0.025224;,
   -0.136273;0.010831;0.049942;,
   -0.146628;-0.016139;0.027510;,
