xof 0303txt 0032
template ColorRGBA {
 <35ff44e0-6c7c-11cf-8f52-0040333594a3>
 FLOAT red;
 FLOAT green;
 FLOAT blue;
 FLOAT alpha;
}

template ColorRGB {
 <d3e16e81-7835-11cf-8f52-0040333594a3>
 FLOAT red;
 FLOAT green;
 FLOAT blue;
}

template Material {
 <3d82ab4d-62da-11cf-ab39-0020af71e433>
 ColorRGBA faceColor;
 FLOAT power;
 ColorRGB specularColor;
 ColorRGB emissiveColor;
 [...]
}

template TextureFilename {
 <a42790e1-7810-11cf-8f52-0040333594a3>
 STRING filename;
}

template Frame {
 <3d82ab46-62da-11cf-ab39-0020af71e433>
 [...]
}

template Matrix4x4 {
 <f6f23f45-7686-11cf-8f52-0040333594a3>
 array FLOAT matrix[16];
}

template FrameTransformMatrix {
 <f6f23f41-7686-11cf-8f52-0040333594a3>
 Matrix4x4 frameMatrix;
}

template Vector {
 <3d82ab5e-62da-11cf-ab39-0020af71e433>
 FLOAT x;
 FLOAT y;
 FLOAT z;
}

template MeshFace {
 <3d82ab5f-62da-11cf-ab39-0020af71e433>
 DWORD nFaceVertexIndices;
 array DWORD faceVertexIndices[nFaceVertexIndices];
}

template Mesh {
 <3d82ab44-62da-11cf-ab39-0020af71e433>
 DWORD nVertices;
 array Vector vertices[nVertices];
 DWORD nFaces;
 array MeshFace faces[nFaces];
 [...]
}

template MeshNormals {
 <f6f23f43-7686-11cf-8f52-0040333594a3>
 DWORD nNormals;
 array Vector normals[nNormals];
 DWORD nFaceNormals;
 array MeshFace faceNormals[nFaceNormals];
}

template MeshMaterialList {
 <f6f23f42-7686-11cf-8f52-0040333594a3>
 DWORD nMaterials;
 DWORD nFaceIndexes;
 array DWORD faceIndexes[nFaceIndexes];
 [Material <3d82ab4d-62da-11cf-ab39-0020af71e433>]
}

template Coords2d {
 <f6f23f44-7686-11cf-8f52-0040333594a3>
 FLOAT u;
 FLOAT v;
}

template MeshTextureCoords {
 <f6f23f40-7686-11cf-8f52-0040333594a3>
 DWORD nTextureCoords;
 array Coords2d textureCoords[nTextureCoords];
}

template XSkinMeshHeader {
 <3cf169ce-ff7c-44ab-93c0-f78f62d172e2>
 WORD nMaxSkinWeightsPerVertex;
 WORD nMaxSkinWeightsPerFace;
 WORD nBones;
}

template SkinWeights {
 <6f0d123b-bad2-4167-a0d0-80224f25fabb>
 STRING transformNodeName;
 DWORD nWeights;
 array DWORD vertexIndices[nWeights];
 array FLOAT weights[nWeights];
 Matrix4x4 matrixOffset;
}

template AnimTicksPerSecond {
 <9e415a43-7ba6-4a73-8743-b73d47e88476>
 DWORD AnimTicksPerSecond;
}

template Animation {
 <3d82ab4f-62da-11cf-ab39-0020af71e433>
 [...]
}

template AnimationSet {
 <3d82ab50-62da-11cf-ab39-0020af71e433>
 [Animation <3d82ab4f-62da-11cf-ab39-0020af71e433>]
}

template FloatKeys {
 <10dd46a9-775b-11cf-8f52-0040333594a3>
 DWORD nValues;
 array FLOAT values[nValues];
}

template TimedFloatKeys {
 <f406b180-7b3b-11cf-8f52-0040333594a3>
 DWORD time;
 FloatKeys tfkeys;
}

template AnimationKey {
 <10dd46a8-775b-11cf-8f52-0040333594a3>
 DWORD keyType;
 DWORD nKeys;
 array TimedFloatKeys keys[nKeys];
}


Material Material__31 {
 1.000000;1.000000;1.000000;1.000000;;
 10.000000;
 0.000000;0.000000;0.000000;;
 0.000000;0.000000;0.000000;;

 TextureFilename {
  "de_headgear_picklehaube_clr.png";
 }
}

Material Material__30 {
 1.000000;1.000000;1.000000;1.000000;;
 10.000000;
 0.000000;0.000000;0.000000;;
 0.000000;0.000000;0.000000;;

 TextureFilename {
  "character_face_de_young_clr.png";
 }
}

Material Material__26 {
 1.000000;1.000000;1.000000;1.000000;;
 10.000000;
 0.000000;0.000000;0.000000;;
 0.000000;0.000000;0.000000;;

 TextureFilename {
  "character_de_cloth_greatcoat_clr.png";
 }
}

Material Material__29 {
 1.000000;1.000000;1.000000;1.000000;;
 10.000000;
 0.000000;0.000000;0.000000;;
 0.000000;0.000000;0.000000;;

 TextureFilename {
  "character_face_de_young_clr.png";
 }
}

Material Material__28 {
 1.000000;1.000000;1.000000;1.000000;;
 10.000000;
 0.000000;0.000000;0.000000;;
 0.000000;0.000000;0.000000;;

 TextureFilename {
  "character_hands_clr.png";
 }
}

Material Material__25 {
 1.000000;1.000000;1.000000;1.000000;;
 10.000000;
 0.000000;0.000000;0.000000;;
 0.000000;0.000000;0.000000;;

 TextureFilename {
  "character_de_cloth_feldrock_m1910_jaeger_clr.png";
 }
}

Frame character_prefab_qq {
 

 FrameTransformMatrix {
  16.340210,0.492494,-1.136202,0.000000,-0.976500,-4.121861,-15.830114,0.000000,-0.761546,15.852558,-4.080728,0.000000,1.272697,1.740612,0.287285,1.000000;;
 }

 Frame avatar {
  

  FrameTransformMatrix {
   1.000000,0.000000,-0.000000,0.000000,-0.000000,1.000000,0.000000,0.000000,0.000000,0.000000,1.000000,0.000000,-0.000000,0.000000,-0.120000,1.000000;;
  }

  Frame Bip01 {
   

   FrameTransformMatrix {
    0.000002,1.000000,-0.000000,0.000000,0.000000,0.000000,1.000000,0.000000,1.000000,-0.000002,-0.000000,0.000000,0.000000,-0.028603,0.915761,1.000000;;
   }

   Frame Bip01_Pelvis {
    

    FrameTransformMatrix {
     -0.000000,1.000000,0.000000,0.000000,-0.000002,-0.000000,1.000000,0.000000,1.000000,0.000000,0.000002,0.000000,0.000000,0.000000,0.000000,1.000000;;
    }

    Frame Bip01_Spine {
     

     FrameTransformMatrix {
      1.000000,0.000002,0.000796,0.000000,-0.000002,1.000000,0.000003,0.000000,-0.000796,-0.000003,1.000000,0.000000,0.089950,0.000000,0.019859,1.000000;;
     }

     Frame Bip01_L_Thigh {
      

      FrameTransformMatrix {
       -0.600569,0.151821,0.785027,0.000000,0.052333,-0.972239,0.228064,0.000000,0.797858,0.178051,0.575952,0.000000,-0.089966,0.109829,-0.019783,1.000000;;
      }

      Frame Bip01_L_Calf {
       

       FrameTransformMatrix {
        -0.427582,-0.190215,-0.883738,0.000000,0.316136,0.884416,-0.343318,0.000000,0.846896,-0.426178,-0.318026,0.000000,0.413522,-0.000001,-0.000000,1.000000;;
       }

       Frame Bip01_L_Foot {
        

        FrameTransformMatrix {
         0.968215,0.246527,-0.042248,0.000000,-0.248183,0.967895,-0.039817,0.000000,0.031075,0.049037,0.998313,0.000000,0.413523,-0.000001,0.000008,1.000000;;
        }

        Frame Bip01_L_Toe0 {
         

         FrameTransformMatrix {
          0.190175,-0.004654,0.981739,0.000000,0.033049,0.999452,-0.001664,0.000000,-0.981194,0.032762,0.190225,0.000000,0.100631,-0.000000,0.171074,1.000000;;
         }
        }
       }
      }
     }

     Frame Bip01_R_Thigh {
      

      FrameTransformMatrix {
       -0.896876,-0.051952,0.439221,0.000000,-0.093328,-0.948485,-0.302762,0.000000,0.432324,-0.312532,0.845825,0.000000,-0.089966,-0.109830,-0.019783,1.000000;;
      }

      Frame Bip01_R_Calf {
       

       FrameTransformMatrix {
        0.604558,0.073726,-0.793142,0.000000,0.061304,0.988448,0.138609,0.000000,0.794198,-0.132420,0.593054,0.000000,0.413523,0.000000,-0.000015,1.000000;;
       }

       Frame Bip01_R_Foot {
        

        FrameTransformMatrix {
         0.822803,0.110848,0.557411,0.000000,0.007275,0.978660,-0.205358,0.000000,-0.568279,0.173024,0.804438,0.000000,0.413522,0.000000,-0.000008,1.000000;;
        }

        Frame Bip01_R_Toe0 {
         

         FrameTransformMatrix {
          -0.139485,0.005957,0.990206,0.000000,0.042845,0.999082,0.000025,0.000000,-0.989297,0.042429,-0.139612,0.000000,0.100631,-0.000000,0.171074,1.000000;;
         }
        }
       }
      }
     }

     Frame Bip01_Spine1 {
      

      FrameTransformMatrix {
       0.954588,-0.004517,0.297897,0.000000,0.012052,0.999652,-0.023463,0.000000,-0.297687,0.025987,0.954310,0.000000,0.154731,0.000000,-0.000122,1.000000;;
      }

      Frame Bip01_Spine2 {
       

       FrameTransformMatrix {
        0.998024,0.002735,0.062775,0.000000,-0.002749,0.999996,0.000129,0.000000,-0.062775,-0.000301,0.998028,0.000000,0.154730,-0.000000,-0.000122,1.000000;;
       }

       Frame Bip01_Neck {
        

        FrameTransformMatrix {
         0.952399,0.002284,0.304845,0.000000,-0.002495,0.999997,0.000303,0.000000,-0.304843,-0.001049,0.952402,0.000000,0.185621,-0.000000,-0.034454,1.000000;;
        }

        Frame Bip01_L_Clavicle {
         

         FrameTransformMatrix {
          -0.428775,0.887681,-0.167857,0.000000,0.891046,0.384904,-0.240596,0.000000,-0.148963,-0.252730,-0.956001,0.000000,-0.011404,0.064048,0.013367,1.000000;;
         }

         Frame Bip01_L_UpperArm {
          

          FrameTransformMatrix {
           0.674985,-0.722265,0.150761,0.000000,0.689231,0.544291,-0.478234,0.000000,0.263354,0.426710,0.865196,0.000000,0.120550,0.000000,0.000000,1.000000;;
          }

          Frame Bip01_L_Forearm {
           

           FrameTransformMatrix {
            -0.391125,0.229365,-0.891299,0.000000,-0.579422,0.691057,0.432100,0.000000,0.715046,0.685443,-0.137391,0.000000,0.303546,0.000002,0.000000,1.000000;;
           }

           Frame Bip01_L_Hand {
            

            FrameTransformMatrix {
             0.953887,0.283186,-0.099531,0.000000,0.116232,-0.042754,0.992301,0.000000,0.276750,-0.958112,-0.073697,0.000000,0.215225,-0.000000,0.000000,1.000000;;
            }

            Frame Bip01_L_Finger1 {
             

             FrameTransformMatrix {
              0.971924,-0.235220,0.005878,0.000000,0.235177,0.971925,0.007252,0.000000,-0.007419,-0.005667,0.999957,0.000000,0.109279,-0.031761,-0.001289,1.000000;;
             }

             Frame Bip01_L_Finger11 {
              

              FrameTransformMatrix {
               0.894058,-0.058163,0.444159,0.000000,0.058162,0.998214,0.013639,0.000000,-0.444159,0.013639,0.895844,0.000000,0.036417,-0.000008,-0.000002,1.000000;;
              }

              Frame Bip01_L_Finger12 {
               

               FrameTransformMatrix {
                0.948435,-0.041156,0.314289,0.000000,0.041156,0.999131,0.006639,0.000000,-0.314289,0.006638,0.949305,0.000000,0.029456,0.000008,-0.000002,1.000000;;
               }
              }
             }
            }

            Frame Bip01_L_Finger2 {
             

             FrameTransformMatrix {
              0.999208,-0.017036,0.035956,0.000000,0.017006,0.999855,0.001141,0.000000,-0.035970,-0.000529,0.999353,0.000000,0.112138,-0.005554,-0.003094,1.000000;;
             }

             Frame Bip01_L_Finger21 {
              

              FrameTransformMatrix {
               0.891916,-0.059378,0.448285,0.000000,0.059378,0.998136,0.014069,0.000000,-0.448285,0.014070,0.893780,0.000000,0.036183,0.000000,-0.000000,1.000000;;
              }

              Frame Bip01_L_Finger22 {
               

               FrameTransformMatrix {
                0.949487,-0.041206,0.311089,0.000000,0.041206,0.999129,0.006575,0.000000,-0.311089,0.006575,0.950358,0.000000,0.033584,0.000000,0.000002,1.000000;;
               }
              }
             }
            }

            Frame Bip01_L_Finger4 {
             

             FrameTransformMatrix {
              0.872432,0.106736,0.476938,0.000000,-0.080655,0.993924,-0.074899,0.000000,-0.482034,0.026877,0.875740,0.000000,0.089969,0.040405,0.014387,1.000000;;
             }

             Frame Bip01_L_Finger41 {
              

              FrameTransformMatrix {
               0.841975,-0.074968,0.534283,0.000000,0.074968,0.996949,0.021745,0.000000,-0.534283,0.021745,0.845026,0.000000,0.029095,-0.000000,0.000000,1.000000;;
              }

              Frame Bip01_L_Finger42 {
               

               FrameTransformMatrix {
                0.976212,-0.030128,0.214716,0.000000,0.030128,0.999541,0.003273,0.000000,-0.214716,0.003273,0.976671,0.000000,0.030187,-0.000004,0.000000,1.000000;;
               }
              }
             }
            }

            Frame Bip01_L_Finger0 {
             

             FrameTransformMatrix {
              0.686563,-0.714660,0.133762,0.000000,0.482101,0.309756,-0.819530,0.000000,0.544252,0.627146,0.557205,0.000000,0.065165,-0.046860,0.008270,1.000000;;
             }

             Frame Bip01_L_Finger01 {
              

              FrameTransformMatrix {
               0.920142,0.013781,0.391343,0.000000,-0.019029,0.999774,0.009534,0.000000,-0.391123,-0.016220,0.920196,0.000000,0.035114,-0.000000,0.000000,1.000000;;
              }

              Frame Bip01_L_Finger02 {
               

               FrameTransformMatrix {
                0.886624,0.378785,0.265370,0.000000,-0.392157,0.919895,-0.002813,0.000000,-0.245178,-0.101572,0.964143,0.000000,0.028093,-0.000000,0.000000,1.000000;;
               }
              }
             }
            }

            Frame Bip01_L_Finger3 {
             

             FrameTransformMatrix {
              0.958773,0.051408,0.279486,0.000000,-0.046097,0.998610,-0.025545,0.000000,-0.280411,0.011608,0.959810,0.000000,0.110746,0.020348,0.005981,1.000000;;
             }

             Frame Bip01_L_Finger31 {
              

              FrameTransformMatrix {
               0.891505,-0.061525,0.448815,0.000000,0.061525,0.997999,0.014599,0.000000,-0.448814,0.014599,0.893506,0.000000,0.031014,-0.000008,-0.000002,1.000000;;
              }

              Frame Bip01_L_Finger32 {
               

               FrameTransformMatrix {
                0.888072,-0.062434,0.455446,0.000000,0.062434,0.997935,0.015061,0.000000,-0.455446,0.015060,0.890136,0.000000,0.031015,0.000008,0.000002,1.000000;;
               }
              }
             }
            }
           }
          }
         }
        }

        Frame Bip01_R_Clavicle {
         

         FrameTransformMatrix {
          -0.350395,-0.935891,-0.036500,0.000000,-0.910059,0.330995,0.249471,0.000000,-0.221396,0.120630,-0.967695,0.000000,-0.011406,-0.064048,0.013367,1.000000;;
         }

         Frame Bip01_R_UpperArm {
          

          FrameTransformMatrix {
           0.686048,0.701648,-0.192427,0.000000,-0.686381,0.711888,0.148650,0.000000,0.241286,0.030097,0.969987,0.000000,0.120550,0.000000,0.000000,1.000000;;
          }

          Frame Bip01_R_Forearm {
           

           FrameTransformMatrix {
            -0.070074,-0.058607,-0.995819,0.000000,-0.212949,0.976141,-0.042464,0.000000,0.974548,0.209082,-0.080883,0.000000,0.303546,-0.000000,0.000000,1.000000;;
           }

           Frame Bip01_R_Hand {
            

            FrameTransformMatrix {
             0.988951,0.002936,-0.148212,0.000000,-0.147764,0.099646,-0.983990,0.000000,0.011880,0.995019,0.098979,0.000000,0.215225,0.000000,-0.000008,1.000000;;
            }

            Frame Bip01_R_Finger3 {
             

             FrameTransformMatrix {
              0.113898,0.151963,0.981802,0.000000,-0.167201,0.977069,-0.131834,0.000000,-0.979322,-0.149143,0.136694,0.000000,0.110746,-0.020348,0.005983,1.000000;;
             }

             Frame Bip01_R_Finger31 {
              

              FrameTransformMatrix {
               -0.267011,0.148967,0.952110,0.000000,-0.148967,0.969725,-0.193499,0.000000,-0.952110,-0.193499,-0.236737,0.000000,0.031015,-0.000008,0.000000,1.000000;;
              }

              Frame Bip01_R_Finger32 {
               

               FrameTransformMatrix {
                0.622454,0.120982,0.773250,0.000000,-0.120982,0.990979,-0.057659,0.000000,-0.773250,-0.057659,0.631475,0.000000,0.031014,0.000015,0.000001,1.000000;;
               }
              }
             }
            }

            Frame Bip01_R_Finger4 {
             

             FrameTransformMatrix {
              0.292276,0.148772,0.944691,0.000000,-0.164445,0.980931,-0.103602,0.000000,-0.942090,-0.125069,0.311167,0.000000,0.089972,-0.040405,0.014388,1.000000;;
             }

             Frame Bip01_R_Finger41 {
              

              FrameTransformMatrix {
               -0.304015,0.150246,0.940745,0.000000,-0.150246,0.967566,-0.203084,0.000000,-0.940745,-0.203084,-0.271581,0.000000,0.029095,0.000008,-0.000000,1.000000;;
              }

              Frame Bip01_R_Finger42 {
               

               FrameTransformMatrix {
                0.862305,0.079863,0.500051,0.000000,-0.079863,0.996575,-0.021444,0.000000,-0.500051,-0.021444,0.865730,0.000000,0.030187,-0.000000,-0.000001,1.000000;;
               }
              }
             }
            }

            Frame Bip01_R_Finger2 {
             

             FrameTransformMatrix {
              0.038184,0.151805,0.987673,0.000000,-0.163616,0.976004,-0.143686,0.000000,-0.985785,-0.156113,0.062106,0.000000,0.112141,0.005554,-0.003096,1.000000;;
             }

             Frame Bip01_R_Finger21 {
              

              FrameTransformMatrix {
               -0.304465,0.142962,0.941735,0.000000,-0.142961,0.970616,-0.193566,0.000000,-0.941734,-0.193565,-0.275080,0.000000,0.036186,0.000000,-0.000000,1.000000;;
              }

              Frame Bip01_R_Finger22 {
               

               FrameTransformMatrix {
                0.844560,0.080366,0.529396,0.000000,-0.080366,0.996498,-0.023065,0.000000,-0.529396,-0.023065,0.848061,0.000000,0.033585,0.000000,0.000001,1.000000;;
               }
              }
             }
            }

            Frame Bip01_R_Finger0 {
             

             FrameTransformMatrix {
              0.616908,0.542680,0.570021,0.000000,-0.739304,0.151188,0.656179,0.000000,0.269915,-0.826221,0.494475,0.000000,0.065164,0.046867,0.008270,1.000000;;
             }

             Frame Bip01_R_Finger01 {
              

              FrameTransformMatrix {
               0.803466,-0.221313,0.552689,0.000000,0.219212,0.973092,0.070977,0.000000,-0.553525,0.064129,0.830360,0.000000,0.035107,-0.000001,-0.000004,1.000000;;
              }

              Frame Bip01_R_Finger02 {
               

               FrameTransformMatrix {
                0.289298,-0.441909,0.849131,0.000000,0.596783,0.776831,0.200958,0.000000,-0.748436,0.448610,0.488459,0.000000,0.028088,0.000002,-0.000000,1.000000;;
               }
              }
             }
            }

            Frame Bip01_R_Finger1 {
             

             FrameTransformMatrix {
              0.385119,0.144971,0.911409,0.000000,-0.150800,0.984197,-0.092828,0.000000,-0.910463,-0.101690,0.400895,0.000000,0.109282,0.031761,-0.001290,1.000000;;
             }

             Frame Bip01_R_Finger11 {
              

              FrameTransformMatrix {
               -0.423579,0.134631,0.895799,0.000000,-0.134632,0.968555,-0.209227,0.000000,-0.895799,-0.209227,-0.392133,0.000000,0.036417,-0.000004,0.000001,1.000000;;
              }

              Frame Bip01_R_Finger12 {
               

               FrameTransformMatrix {
                0.868616,0.073641,0.489983,0.000000,-0.073641,0.997098,-0.019310,0.000000,-0.489983,-0.019310,0.871518,0.000000,0.029457,-0.000000,0.000000,1.000000;;
               }
              }
             }
            }
           }
          }
         }
        }

        Frame Bip01_Head {
         

         FrameTransformMatrix {
          0.904712,0.100541,-0.413989,0.000000,-0.102040,0.994607,0.018557,0.000000,0.413622,0.025454,0.910093,0.000000,0.092566,0.000000,0.021027,1.000000;;
         }

         Frame eyeL {
          

          FrameTransformMatrix {
           -0.000000,1.000000,-0.000000,0.000000,1.000000,0.000000,0.000002,0.000000,0.000002,0.000000,-1.000000,0.000000,0.100750,-0.027709,0.080177,1.000000;;
          }
         }

         Frame bone_slot2_headgear {
          

          FrameTransformMatrix {
           0.032761,-0.001464,0.999462,0.000000,0.017506,-0.999845,-0.002039,0.000000,0.999310,0.017564,-0.032730,0.000000,0.148706,0.000000,-0.036392,1.000000;;
          }

          Frame de_headgear_picklehaube_83 {
           

           FrameTransformMatrix {
            1.000000,0.000000,-0.000001,0.000000,0.000000,1.000001,-0.000002,0.000000,0.000001,0.000002,1.000000,0.000000,-0.006950,0.000002,0.013699,1.000000;;
           }

           Mesh de_headgear_picklehaube_83 {
            506;
            0.041735;0.096049;-0.017354;,
            0.001020;0.085550;-0.018618;,
            0.034972;0.093617;-0.005696;,
            0.004067;0.088512;-0.028448;,
            -0.025379;0.072642;-0.021925;,
            -0.022826;0.075525;-0.034323;,
            -0.053516;0.055539;-0.023813;,
            -0.051553;0.056778;-0.038044;,
            -0.066064;0.030724;-0.028898;,
            -0.066244;0.030079;-0.044053;,
            -0.073012;0.002386;-0.027839;,
            -0.072308;0.000913;-0.042989;,
            0.012904;0.097218;-0.037604;,
            -0.028451;0.082173;-0.058324;,
            -0.007212;0.094756;-0.046226;,
            -0.061863;0.060499;-0.079104;,
            -0.080305;0.032042;-0.087466;,
            -0.086224;-0.000076;-0.089588;,
            -0.054201;0.056298;-0.002144;,
            -0.029889;0.074041;0.002012;,
            -0.056843;0.046578;0.029205;,
            -0.035349;0.063661;0.033556;,
            -0.003006;0.084271;0.005378;,
            -0.006228;0.077568;0.043051;,
            0.027934;0.089361;0.015264;,
            0.022150;0.081079;0.051283;,
            -0.067363;0.026707;0.027072;,
            -0.066693;0.032397;-0.006535;,
            -0.071813;-0.001020;0.025748;,
            -0.074865;-0.000336;-0.007409;,
            -0.002681;0.056828;0.063237;,
            0.020162;0.059665;0.072288;,
            -0.026378;0.048956;0.057692;,
            -0.044555;0.035484;0.052942;,
            -0.052872;0.018685;0.049880;,
            -0.055839;-0.000076;0.048851;,
            -0.068966;-0.030601;-0.025636;,
            -0.067148;-0.029028;-0.040342;,
            -0.049125;-0.054608;-0.037270;,
            -0.051143;-0.056276;-0.023089;,
            -0.025639;-0.076701;-0.031136;,
            -0.027936;-0.075347;-0.019477;,
            0.004377;-0.089184;-0.022534;,
            0.000960;-0.086392;-0.012799;,
            0.041755;-0.096681;-0.012164;,
            0.035162;-0.095203;-0.000686;,
            0.013358;-0.097236;-0.032644;,
            -0.028511;-0.081906;-0.058519;,
            -0.006922;-0.094564;-0.043274;,
            -0.061898;-0.060432;-0.079758;,
            -0.080300;-0.032120;-0.087456;,
            0.044917;-0.096816;-0.024367;,
            0.028214;-0.090652;0.020059;,
            -0.002506;-0.084034;0.009699;,
            -0.002616;-0.076971;0.044045;,
            0.026206;-0.080602;0.052642;,
            -0.027262;-0.067795;0.036853;,
            -0.031892;-0.075962;0.002481;,
            -0.048471;-0.051186;0.030199;,
            -0.052707;-0.060377;-0.002938;,
            -0.064041;-0.028898;0.026902;,
            -0.068172;-0.031436;-0.007019;,
            0.005781;-0.058254;0.068192;,
            0.029348;-0.060362;0.072033;,
            -0.020683;-0.051855;0.058027;,
            -0.040934;-0.038389;0.049925;,
            -0.052572;-0.018903;0.049096;,
            0.019462;-0.047675;0.077038;,
            0.003883;-0.045527;0.072802;,
            0.012609;-0.033189;0.077158;,
            0.004707;-0.031376;0.073761;,
            -0.009579;-0.026425;0.069236;,
            -0.018321;-0.040776;0.062982;,
            -0.022282;-0.019003;0.065889;,
            -0.031648;-0.029702;0.057307;,
            -0.029415;-0.009997;0.064865;,
            -0.044330;-0.014452;0.057213;,
            -0.030798;-0.000076;0.065729;,
            -0.046818;-0.000076;0.058027;,
            -0.043921;0.014250;0.059890;,
            -0.028241;0.009814;0.067263;,
            -0.035834;0.027052;0.063596;,
            -0.022207;0.018690;0.069251;,
            -0.022746;0.037102;0.066518;,
            -0.012411;0.025698;0.072562;,
            -0.001867;0.043501;0.072313;,
            -0.000493;0.030184;0.076059;,
            0.011775;0.032906;0.079221;,
            0.016011;0.045694;0.075465;,
            0.011305;0.021398;0.081194;,
            0.003483;0.019230;0.078247;,
            -0.003985;0.016368;0.075570;,
            -0.010104;0.011892;0.072902;,
            -0.013895;0.006223;0.071419;,
            -0.015109;-0.000091;0.070924;,
            -0.014260;-0.006430;0.071444;,
            -0.010413;-0.012144;0.072557;,
            -0.003510;-0.016805;0.074710;,
            0.004432;-0.019862;0.076913;,
            0.008593;-0.020821;0.079661;,
            0.001640;-0.020871;0.085530;,
            0.008498;-0.021950;0.087653;,
            -0.000049;-0.021980;0.090170;,
            0.007164;-0.023114;0.092328;,
            -0.006927;-0.018628;0.088017;,
            -0.005109;-0.017659;0.083492;,
            -0.012706;-0.013548;0.086868;,
            -0.010733;-0.012809;0.082328;,
            -0.016323;-0.007159;0.086789;,
            -0.014195;-0.006770;0.082038;,
            -0.017511;-0.000076;0.087033;,
            -0.015234;-0.000076;0.081878;,
            -0.016408;0.007007;0.088127;,
            -0.014200;0.006617;0.082688;,
            -0.012651;0.013396;0.089691;,
            -0.010603;0.012656;0.084146;,
            -0.007032;0.018466;0.091674;,
            -0.005144;0.017447;0.086279;,
            -0.000323;0.021722;0.093447;,
            0.001275;0.020524;0.088177;,
            0.006940;0.022841;0.095180;,
            0.008198;0.021587;0.089721;,
            -0.016592;-0.007064;0.092982;,
            -0.017766;-0.000191;0.093467;,
            -0.016707;0.006677;0.094651;,
            -0.013256;0.012881;0.096204;,
            -0.008041;0.017821;0.097933;,
            -0.001602;0.021023;0.099616;,
            0.005391;0.022142;0.101529;,
            -0.015813;-0.006310;0.118667;,
            -0.013985;-0.009932;0.118972;,
            -0.013131;-0.013273;0.093197;,
            -0.007766;-0.018213;0.094406;,
            -0.004769;-0.021755;0.101105;,
            0.002094;-0.022844;0.102963;,
            -0.003575;-0.015321;0.121594;,
            -0.007551;-0.014667;0.120555;,
            -0.011138;-0.012809;0.119626;,
            -0.007556;0.009939;0.121669;,
            -0.003580;0.010548;0.122723;,
            -0.011677;-0.011395;0.148188;,
            -0.014150;-0.010966;0.147564;,
            -0.015144;-0.007009;0.151071;,
            -0.011318;-0.007674;0.152040;,
            -0.016383;-0.009792;0.147049;,
            -0.018156;-0.007993;0.146700;,
            -0.016902;-0.003533;0.150831;,
            -0.019290;-0.005751;0.146540;,
            -0.019679;-0.003273;0.146595;,
            -0.019285;-0.000806;0.146855;,
            -0.015134;-0.000116;0.151510;,
            -0.018141;0.001407;0.147299;,
            -0.016363;0.003146;0.147874;,
            -0.014130;0.004250;0.148528;,
            -0.011303;0.000428;0.152554;,
            -0.011652;0.004599;0.149202;,
            -0.016443;-0.002309;0.118722;,
            -0.015813;0.001687;0.119117;,
            -0.013990;0.005278;0.119781;,
            -0.011148;0.008126;0.120660;,
            0.136203;-0.000011;0.033356;,
            0.133950;0.031278;0.016283;,
            0.130658;0.030694;0.031128;,
            0.142022;-0.000076;0.019230;,
            0.115098;0.058821;0.011323;,
            0.112950;0.057612;0.026428;,
            0.090503;0.078037;0.006153;,
            0.086067;0.077248;0.017671;,
            0.070462;0.090775;-0.003138;,
            0.064468;0.090725;0.009419;,
            0.138960;0.031533;0.011937;,
            0.147007;-0.000076;0.014549;,
            0.119774;0.059325;0.007197;,
            0.095238;0.078956;0.003076;,
            0.099499;0.079411;-0.004332;,
            0.078050;0.091459;-0.011270;,
            0.091287;0.088757;-0.021600;,
            0.124259;0.073457;-0.022804;,
            0.123535;0.059760;-0.001775;,
            0.155324;0.053701;-0.023678;,
            0.143046;0.031768;0.002077;,
            0.167882;0.028461;-0.022734;,
            0.150379;-0.000076;0.004115;,
            0.173391;-0.000061;-0.022294;,
            0.071221;0.094591;-0.021360;,
            0.041735;0.096049;-0.017354;,
            0.044658;0.097648;-0.028324;,
            0.034972;0.093617;-0.005696;,
            0.056831;0.085570;0.029615;,
            0.027934;0.089361;0.015264;,
            0.022150;0.081079;0.051283;,
            0.050402;0.077393;0.060404;,
            0.084039;0.077832;0.039235;,
            0.073904;0.066788;0.064550;,
            0.112001;0.055569;0.046453;,
            0.089289;0.048521;0.071199;,
            0.127471;0.030159;0.051908;,
            0.097406;0.028621;0.078362;,
            0.130658;0.000453;0.054365;,
            0.101322;0.000873;0.078447;,
            0.076002;0.018695;0.084731;,
            0.079324;-0.000076;0.086449;,
            0.068055;0.035434;0.081993;,
            0.057595;0.048536;0.079046;,
            0.041076;0.056833;0.075020;,
            0.020162;0.059665;0.072288;,
            0.101082;-0.026955;0.078991;,
            0.124319;-0.029847;0.054201;,
            0.089059;-0.051671;0.074845;,
            0.104094;-0.056031;0.048266;,
            0.073210;-0.067380;0.066219;,
            0.083150;-0.076951;0.040074;,
            0.052775;-0.077106;0.061378;,
            0.057265;-0.088754;0.031093;,
            0.026206;-0.080602;0.052642;,
            0.028214;-0.090652;0.020059;,
            0.035162;-0.095203;-0.000686;,
            0.064903;-0.089229;0.011742;,
            0.071666;-0.035751;0.083277;,
            0.078699;-0.018913;0.086414;,
            0.058324;-0.049368;0.078971;,
            0.045866;-0.058264;0.074960;,
            0.029348;-0.060362;0.072033;,
            0.089214;-0.073205;0.020139;,
            0.071541;-0.089169;0.000308;,
            0.096342;-0.073654;0.010084;,
            0.109649;-0.057515;0.026628;,
            0.116627;-0.058899;0.015633;,
            0.127881;-0.030846;0.031028;,
            0.133465;-0.031455;0.016168;,
            0.138850;-0.031700;0.011922;,
            0.121947;-0.059538;0.012377;,
            0.101307;-0.074968;0.007302;,
            0.105812;-0.076741;0.000089;,
            0.080632;-0.090348;-0.007679;,
            0.096437;-0.087196;-0.018218;,
            0.135134;-0.073414;-0.021875;,
            0.126492;-0.059923;0.004080;,
            0.156043;-0.053714;-0.023393;,
            0.143041;-0.031915;0.002077;,
            0.167897;-0.028538;-0.022729;,
            0.071586;-0.093684;-0.018089;,
            0.041755;-0.096681;-0.012164;,
            0.044917;-0.096816;-0.024367;,
            0.168821;-0.028538;-0.024632;,
            0.174255;-0.000061;-0.024198;,
            0.168851;-0.028533;-0.026680;,
            0.174195;-0.000061;-0.025971;,
            0.168836;0.028461;-0.026690;,
            0.168806;0.028461;-0.024637;,
            0.155818;0.053706;-0.026895;,
            0.156073;0.053711;-0.025531;,
            0.122686;0.071913;-0.024337;,
            0.124364;0.072987;-0.023878;,
            0.091861;0.087623;-0.022484;,
            0.091532;0.085430;-0.022994;,
            0.070727;0.091894;-0.023308;,
            0.070812;0.093927;-0.022694;,
            0.044772;0.094676;-0.029812;,
            0.044837;0.096734;-0.029427;,
            0.072715;0.091839;-0.026760;,
            0.093679;0.085135;-0.025976;,
            0.046621;0.094756;-0.033089;,
            0.072540;0.088372;-0.026830;,
            0.093140;0.081344;-0.025696;,
            0.046516;0.091149;-0.032944;,
            0.118715;0.071798;-0.025596;,
            0.113835;0.068746;-0.025386;,
            0.151727;0.053636;-0.028553;,
            0.167627;0.028451;-0.028418;,
            0.172507;-0.000061;-0.027709;,
            0.167642;-0.028523;-0.028408;,
            0.152552;-0.053629;-0.028224;,
            0.156473;-0.053709;-0.026635;,
            0.156713;-0.053719;-0.025277;,
            0.133515;-0.071856;-0.023808;,
            0.135234;-0.072935;-0.023069;,
            0.097161;-0.086157;-0.019113;,
            0.097056;-0.083979;-0.019462;,
            0.071097;-0.091062;-0.020082;,
            0.071152;-0.093050;-0.019462;,
            0.045087;-0.093689;-0.026380;,
            0.045137;-0.095797;-0.025771;,
            0.073185;-0.091017;-0.023548;,
            0.099094;-0.083859;-0.022839;,
            0.047025;-0.093585;-0.030082;,
            0.073055;-0.087605;-0.023503;,
            0.099104;-0.080073;-0.022409;,
            0.046920;-0.089998;-0.030122;,
            0.129989;-0.071726;-0.025257;,
            0.148870;-0.051416;-0.027779;,
            0.163851;-0.027354;-0.028004;,
            0.168726;-0.000061;-0.027305;,
            0.163836;0.027282;-0.028014;,
            0.147906;0.051423;-0.028164;,
            0.125248;-0.068674;-0.024847;,
            0.047734;-0.000076;0.086863;,
            0.057934;0.014255;0.087823;,
            0.045372;0.009814;0.086809;,
            0.060667;-0.000076;0.088072;,
            0.053579;0.027067;0.083737;,
            0.040367;0.018695;0.086044;,
            0.044887;0.037117;0.080565;,
            0.032869;0.025703;0.083332;,
            0.032080;0.043511;0.078437;,
            0.023358;0.030184;0.081619;,
            0.016011;0.045694;0.075465;,
            0.011775;0.032906;0.079221;,
            0.059343;-0.014457;0.087463;,
            0.045761;-0.010002;0.085650;,
            0.055687;-0.027394;0.085110;,
            0.040641;-0.019033;0.083327;,
            0.043853;-0.038349;0.081459;,
            0.033998;-0.026505;0.081264;,
            0.033913;-0.045382;0.080914;,
            0.025961;-0.031286;0.079451;,
            0.019462;-0.047675;0.077038;,
            0.012609;-0.033189;0.077158;,
            0.025471;0.016368;0.084316;,
            0.030646;0.011892;0.085580;,
            0.034083;0.006223;0.085864;,
            0.035502;-0.000091;0.086249;,
            0.034013;-0.006430;0.086389;,
            0.030621;-0.012124;0.085415;,
            0.025541;-0.016695;0.083352;,
            0.019302;-0.019727;0.081184;,
            0.008593;-0.020821;0.079661;,
            0.029817;-0.000076;0.095420;,
            0.028733;0.006617;0.095330;,
            0.029742;-0.000076;0.101114;,
            0.028598;-0.007159;0.100435;,
            0.028688;-0.006770;0.095155;,
            0.025391;-0.013548;0.098892;,
            0.025651;-0.012809;0.093797;,
            0.020436;-0.018618;0.096854;,
            0.020991;-0.017599;0.091824;,
            0.014147;-0.021900;0.094541;,
            0.015062;-0.020771;0.089676;,
            0.007164;-0.023114;0.092328;,
            0.008498;-0.021950;0.087653;,
            0.028603;0.007007;0.101095;,
            0.025656;0.012656;0.094711;,
            0.025356;0.013396;0.100420;,
            0.020911;0.017447;0.093622;,
            0.020326;0.018466;0.099226;,
            0.014932;0.020524;0.091924;,
            0.013998;0.021722;0.097488;,
            0.008198;0.021587;0.089721;,
            0.006940;0.022841;0.095180;,
            0.012384;-0.021380;0.100490;,
            0.018528;-0.018208;0.102698;,
            0.002094;-0.022844;0.102963;,
            0.012249;0.021068;0.103407;,
            0.005391;0.022142;0.101529;,
            0.018428;0.017916;0.104986;,
            0.023338;0.012986;0.106185;,
            0.026510;0.006767;0.106839;,
            0.027619;-0.000131;0.106814;,
            0.026530;-0.007034;0.106055;,
            0.023398;-0.013263;0.104631;,
            0.008653;-0.006455;0.125416;,
            0.009292;-0.002459;0.125750;,
            0.006820;-0.010046;0.124751;,
            0.003977;-0.012894;0.123817;,
            0.000396;-0.014712;0.122723;,
            -0.003575;-0.015321;0.121594;,
            0.008673;0.001542;0.125720;,
            -0.004050;-0.005990;0.150531;,
            -0.003655;-0.003528;0.150791;,
            -0.009180;-0.006160;0.152694;,
            -0.008565;-0.002349;0.153099;,
            -0.005194;-0.008203;0.150091;,
            -0.011318;-0.007674;0.152040;,
            -0.006967;-0.009942;0.149517;,
            -0.009200;-0.011046;0.148863;,
            -0.011677;-0.011395;0.148188;,
            -0.004040;-0.001050;0.150851;,
            -0.005169;0.001197;0.150696;,
            -0.006942;0.002996;0.150341;,
            -0.011303;0.000428;0.152554;,
            -0.009175;0.004170;0.149827;,
            -0.011652;0.004599;0.149202;,
            -0.015134;-0.000116;0.151510;,
            -0.015144;-0.007009;0.151071;,
            -0.016902;-0.003533;0.150831;,
            -0.003580;0.010548;0.122723;,
            0.000396;0.009894;0.123747;,
            0.003987;0.008036;0.124641;,
            0.006835;0.005154;0.125321;,
            0.044658;0.097648;-0.028324;,
            0.044837;0.096734;-0.029427;,
            0.012619;0.096579;-0.038628;,
            0.044772;0.094676;-0.029812;,
            0.012629;0.095905;-0.038963;,
            0.013978;0.096219;-0.041940;,
            0.046621;0.094756;-0.033089;,
            0.013828;0.092558;-0.041980;,
            0.046516;0.091149;-0.032944;,
            -0.006677;0.092962;-0.047365;,
            -0.007042;0.093986;-0.047165;,
            -0.027452;0.082178;-0.062155;,
            -0.028231;0.082168;-0.060402;,
            -0.058771;0.060484;-0.081456;,
            -0.060954;0.060504;-0.080747;,
            -0.076803;0.032042;-0.090123;,
            -0.079416;0.032047;-0.089174;,
            -0.082698;-0.000076;-0.092251;,
            -0.085345;-0.000076;-0.091292;,
            -0.027152;0.082228;-0.064558;,
            -0.004939;0.094001;-0.051870;,
            -0.059660;0.060514;-0.082900;,
            -0.024475;0.082198;-0.065472;,
            -0.004245;0.090600;-0.051316;,
            -0.055619;0.060469;-0.083035;,
            -0.072358;0.032027;-0.090508;,
            -0.078197;-0.000076;-0.092650;,
            -0.079416;-0.032120;-0.089164;,
            -0.076803;-0.032110;-0.090118;,
            -0.060979;-0.060432;-0.081396;,
            -0.058796;-0.060407;-0.082116;,
            -0.028261;-0.081926;-0.060487;,
            -0.027452;-0.081936;-0.062145;,
            -0.006932;-0.093779;-0.044338;,
            -0.006642;-0.092740;-0.044583;,
            -0.027137;-0.081971;-0.064493;,
            -0.004914;-0.093729;-0.049258;,
            -0.059655;-0.060427;-0.082875;,
            -0.024460;-0.081926;-0.065407;,
            -0.004374;-0.090338;-0.048863;,
            -0.055614;-0.060367;-0.083000;,
            -0.072363;-0.032090;-0.090513;,
            0.013059;-0.096582;-0.033718;,
            0.013064;-0.095892;-0.034043;,
            0.014387;-0.096137;-0.037185;,
            0.045087;-0.093689;-0.026380;,
            0.047025;-0.093585;-0.030082;,
            0.014257;-0.092476;-0.037200;,
            0.046920;-0.089998;-0.030122;,
            0.045137;-0.095797;-0.025771;,
            0.018893;0.019230;0.082608;,
            0.011305;0.021398;0.081194;,
            -0.004245;0.090600;-0.051316;,
            -0.023131;0.080600;-0.061611;,
            -0.024475;0.082198;-0.065472;,
            -0.003715;0.088832;-0.049303;,
            -0.053706;0.059286;-0.077620;,
            -0.055619;0.060469;-0.083035;,
            0.013828;0.092558;-0.041980;,
            -0.070025;0.031398;-0.085333;,
            -0.072358;0.032027;-0.090508;,
            -0.053706;0.059286;-0.077620;,
            -0.075729;-0.000076;-0.087361;,
            -0.078197;-0.000076;-0.092650;,
            -0.072363;-0.032090;-0.090513;,
            -0.070035;-0.031460;-0.085343;,
            -0.055614;-0.060367;-0.083000;,
            -0.053551;-0.059188;-0.078120;,
            -0.024460;-0.081926;-0.065407;,
            -0.023171;-0.080323;-0.061706;,
            -0.004374;-0.090338;-0.048863;,
            -0.070035;-0.031460;-0.085343;,
            -0.024630;-0.040202;-0.030961;,
            -0.006367;-0.054738;-0.027280;,
            0.036610;0.000024;0.017871;,
            0.012304;-0.060612;-0.018873;,
            -0.036808;-0.021400;-0.033598;,
            -0.040739;0.000159;-0.034368;,
            -0.036093;0.021632;-0.034607;,
            -0.024420;0.040224;-0.030796;,
            -0.006273;0.054885;-0.027449;,
            0.012040;0.060734;-0.019657;,
            0.039662;0.061014;-0.006170;,
            0.046516;0.091149;-0.032944;,
            0.072540;0.088372;-0.026830;,
            0.056851;0.060369;-0.002254;,
            0.093140;0.081344;-0.025696;,
            0.013828;0.092558;-0.041980;,
            -0.003715;0.088832;-0.049303;,
            0.113835;0.068746;-0.025386;,
            0.092785;0.051828;-0.001245;,
            0.147906;0.051423;-0.028164;,
            0.112491;0.038896;0.000598;,
            0.163836;0.027282;-0.028014;,
