xof 0303txt 0032
template ColorRGBA {
 <35ff44e0-6c7c-11cf-8f52-0040333594a3>
 FLOAT red;
 FLOAT green;
 FLOAT blue;
 FLOAT alpha;
}

template ColorRGB {
 <d3e16e81-7835-11cf-8f52-0040333594a3>
 FLOAT red;
 FLOAT green;
 FLOAT blue;
}

template Material {
 <3d82ab4d-62da-11cf-ab39-0020af71e433>
 ColorRGBA faceColor;
 FLOAT power;
 ColorRGB specularColor;
 ColorRGB emissiveColor;
 [...]
}

template TextureFilename {
 <a42790e1-7810-11cf-8f52-0040333594a3>
 STRING filename;
}

template Frame {
 <3d82ab46-62da-11cf-ab39-0020af71e433>
 [...]
}

template Matrix4x4 {
 <f6f23f45-7686-11cf-8f52-0040333594a3>
 array FLOAT matrix[16];
}

template FrameTransformMatrix {
 <f6f23f41-7686-11cf-8f52-0040333594a3>
 Matrix4x4 frameMatrix;
}

template Vector {
 <3d82ab5e-62da-11cf-ab39-0020af71e433>
 FLOAT x;
 FLOAT y;
 FLOAT z;
}

template MeshFace {
 <3d82ab5f-62da-11cf-ab39-0020af71e433>
 DWORD nFaceVertexIndices;
 array DWORD faceVertexIndices[nFaceVertexIndices];
}

template Mesh {
 <3d82ab44-62da-11cf-ab39-0020af71e433>
 DWORD nVertices;
 array Vector vertices[nVertices];
 DWORD nFaces;
 array MeshFace faces[nFaces];
 [...]
}

template MeshNormals {
 <f6f23f43-7686-11cf-8f52-0040333594a3>
 DWORD nNormals;
 array Vector normals[nNormals];
 DWORD nFaceNormals;
 array MeshFace faceNormals[nFaceNormals];
}

template MeshMaterialList {
 <f6f23f42-7686-11cf-8f52-0040333594a3>
 DWORD nMaterials;
 DWORD nFaceIndexes;
 array DWORD faceIndexes[nFaceIndexes];
 [Material <3d82ab4d-62da-11cf-ab39-0020af71e433>]
}

template Coords2d {
 <f6f23f44-7686-11cf-8f52-0040333594a3>
 FLOAT u;
 FLOAT v;
}

template MeshTextureCoords {
 <f6f23f40-7686-11cf-8f52-0040333594a3>
 DWORD nTextureCoords;
 array Coords2d textureCoords[nTextureCoords];
}

template XSkinMeshHeader {
 <3cf169ce-ff7c-44ab-93c0-f78f62d172e2>
 WORD nMaxSkinWeightsPerVertex;
 WORD nMaxSkinWeightsPerFace;
 WORD nBones;
}

template SkinWeights {
 <6f0d123b-bad2-4167-a0d0-80224f25fabb>
 STRING transformNodeName;
 DWORD nWeights;
 array DWORD vertexIndices[nWeights];
 array FLOAT weights[nWeights];
 Matrix4x4 matrixOffset;
}

template AnimTicksPerSecond {
 <9e415a43-7ba6-4a73-8743-b73d47e88476>
 DWORD AnimTicksPerSecond;
}

template Animation {
 <3d82ab4f-62da-11cf-ab39-0020af71e433>
 [...]
}

template AnimationSet {
 <3d82ab50-62da-11cf-ab39-0020af71e433>
 [Animation <3d82ab4f-62da-11cf-ab39-0020af71e433>]
}

template FloatKeys {
 <10dd46a9-775b-11cf-8f52-0040333594a3>
 DWORD nValues;
 array FLOAT values[nValues];
}

template TimedFloatKeys {
 <f406b180-7b3b-11cf-8f52-0040333594a3>
 DWORD time;
 FloatKeys tfkeys;
}

template AnimationKey {
 <10dd46a8-775b-11cf-8f52-0040333594a3>
 DWORD keyType;
 DWORD nKeys;
 array TimedFloatKeys keys[nKeys];
}


Material Material__31 {
 1.000000;1.000000;1.000000;1.000000;;
 10.000000;
 0.000000;0.000000;0.000000;;
 0.000000;0.000000;0.000000;;

 TextureFilename {
  "de_headgear_picklehaube_clr.png";
 }
}

Material Material__30 {
 1.000000;1.000000;1.000000;1.000000;;
 10.000000;
 0.000000;0.000000;0.000000;;
 0.000000;0.000000;0.000000;;

 TextureFilename {
  "character_face_de_young_clr.png";
 }
}

Material Material__26 {
 1.000000;1.000000;1.000000;1.000000;;
 10.000000;
 0.000000;0.000000;0.000000;;
 0.000000;0.000000;0.000000;;

 TextureFilename {
  "character_de_cloth_greatcoat_clr.png";
 }
}

Material Material__29 {
 1.000000;1.000000;1.000000;1.000000;;
 10.000000;
 0.000000;0.000000;0.000000;;
 0.000000;0.000000;0.000000;;

 TextureFilename {
  "character_face_de_young_clr.png";
 }
}

Material Material__28 {
 1.000000;1.000000;1.000000;1.000000;;
 10.000000;
 0.000000;0.000000;0.000000;;
 0.000000;0.000000;0.000000;;

 TextureFilename {
  "character_hands_clr.png";
 }
}

Material Material__25 {
 1.000000;1.000000;1.000000;1.000000;;
 10.000000;
 0.000000;0.000000;0.000000;;
 0.000000;0.000000;0.000000;;

 TextureFilename {
  "character_de_cloth_feldrock_m1910_jaeger_clr.png";
 }
}

Frame character_prefab_qq {
 

 FrameTransformMatrix {
  13.001034,0.915913,-9.933290,0.000000,-8.714446,8.984054,-10.577384,0.000000,4.854636,13.674202,7.614766,0.000000,0.000000,0.000000,0.000000,1.000000;;
 }

 Frame avatar {
  

  FrameTransformMatrix {
   1.000000,-0.000000,-0.000000,0.000000,0.000000,1.000000,0.000000,0.000000,-0.000000,0.000000,1.000000,0.000000,0.000000,-0.000000,-0.120000,1.000000;;
  }

  Frame Bip01 {
   

   FrameTransformMatrix {
    0.000002,1.000000,-0.000000,0.000000,0.000000,0.000000,1.000000,0.000000,1.000000,-0.000002,-0.000000,0.000000,-0.000000,-0.028603,0.915761,1.000000;;
   }

   Frame Bip01_Pelvis {
    

    FrameTransformMatrix {
     -0.000000,1.000000,0.000000,0.000000,-0.000002,-0.000000,1.000000,0.000000,1.000000,0.000000,0.000002,0.000000,0.000000,0.000000,0.000000,1.000000;;
    }

    Frame Bip01_Spine {
     

     FrameTransformMatrix {
      1.000000,0.000002,0.000796,0.000000,-0.000002,1.000000,0.000003,0.000000,-0.000796,-0.000003,1.000000,0.000000,0.089950,0.000000,0.019859,1.000000;;
     }

     Frame Bip01_L_Thigh {
      

      FrameTransformMatrix {
       -0.319336,0.415726,0.851585,0.000000,0.016278,-0.896097,0.443560,0.000000,0.947502,0.155507,0.279389,0.000000,-0.089966,0.109829,-0.019783,1.000000;;
      }

      Frame Bip01_L_Calf {
       

       FrameTransformMatrix {
        -0.559925,-0.180588,-0.808624,0.000000,0.047313,0.967397,-0.248808,0.000000,0.827192,-0.177572,-0.533126,0.000000,0.413523,-0.000001,0.000000,1.000000;;
       }

       Frame Bip01_L_Foot {
        

        FrameTransformMatrix {
         0.930352,0.072607,0.359406,0.000000,-0.016023,0.987312,-0.157980,0.000000,-0.366316,0.141218,0.919712,0.000000,0.413523,-0.000001,0.000008,1.000000;;
        }

        Frame Bip01_L_Toe0 {
         

         FrameTransformMatrix {
          0.023280,-0.000230,0.999729,0.000000,0.004030,0.999992,0.000136,0.000000,-0.999721,0.004025,0.023281,0.000000,0.100631,-0.000000,0.171074,1.000000;;
         }
        }
       }
      }
     }

     Frame Bip01_R_Thigh {
      

      FrameTransformMatrix {
       -0.932892,-0.141748,0.331088,0.000000,0.238924,-0.931454,0.274424,0.000000,0.269494,0.335113,0.902814,0.000000,-0.089966,-0.109830,-0.019783,1.000000;;
      }

      Frame Bip01_R_Calf {
       

       FrameTransformMatrix {
        -0.803103,0.035871,-0.594761,0.000000,0.053169,0.998519,-0.011572,0.000000,0.593465,-0.040916,-0.803820,0.000000,0.413523,0.000000,-0.000015,1.000000;;
       }

       Frame Bip01_R_Foot {
        

        FrameTransformMatrix {
         0.361033,-0.412142,0.836537,0.000000,0.665115,0.742572,0.078798,0.000000,-0.653665,0.527944,0.542215,0.000000,0.413522,-0.000000,-0.000008,1.000000;;
        }

        Frame Bip01_R_Toe0 {
         

         FrameTransformMatrix {
          -0.526734,0.057614,0.848076,0.000000,0.164466,0.985755,0.035182,0.000000,-0.833968,0.158011,-0.528706,0.000000,0.100631,0.000000,0.171074,1.000000;;
         }
        }
       }
      }
     }

     Frame Bip01_Spine1 {
      

      FrameTransformMatrix {
       0.516128,-0.039023,0.855622,0.000000,0.066587,0.997766,0.005339,0.000000,-0.853919,0.054218,0.517573,0.000000,0.154731,-0.000000,-0.000122,1.000000;;
      }

      Frame Bip01_Spine2 {
       

       FrameTransformMatrix {
        0.979632,0.078834,0.184676,0.000000,-0.075059,0.996804,-0.027354,0.000000,-0.186242,0.012935,0.982419,0.000000,0.154730,0.000000,-0.000122,1.000000;;
       }

       Frame Bip01_Neck {
        

        FrameTransformMatrix {
         0.848131,0.076755,0.524197,0.000000,-0.076321,0.996830,-0.022474,0.000000,-0.524261,-0.020946,0.851301,0.000000,0.185621,-0.000000,-0.034454,1.000000;;
        }

        Frame Bip01_L_Clavicle {
         

         FrameTransformMatrix {
          -0.262753,0.933878,0.242555,0.000000,0.548150,0.351360,-0.758998,0.000000,-0.794036,-0.066472,-0.604226,0.000000,-0.011404,0.064048,0.013367,1.000000;;
         }

         Frame Bip01_L_UpperArm {
          

          FrameTransformMatrix {
           0.240681,-0.084483,-0.966921,0.000000,0.504629,0.861870,0.050305,0.000000,0.829110,-0.500044,0.250068,0.000000,0.120550,0.000000,0.000000,1.000000;;
          }

          Frame Bip01_L_Forearm {
           

           FrameTransformMatrix {
            0.649679,0.186286,-0.737031,0.000000,-0.186286,0.978964,0.083227,0.000000,0.737031,0.083227,0.670715,0.000000,0.303546,0.000002,-0.000000,1.000000;;
           }

           Frame Bip01_L_Hand {
            

            FrameTransformMatrix {
             0.924714,-0.337751,0.175583,0.000000,-0.188103,-0.806434,-0.560608,0.000000,0.330942,0.485374,-0.809253,0.000000,0.215225,0.000000,0.000000,1.000000;;
            }

            Frame Bip01_L_Finger1 {
             

             FrameTransformMatrix {
              0.810088,-0.128687,0.572011,0.000000,0.121704,0.991273,0.050651,0.000000,-0.573538,0.028584,0.818680,0.000000,0.109279,-0.031761,-0.001289,1.000000;;
             }

             Frame Bip01_L_Finger11 {
              

              FrameTransformMatrix {
               0.495858,-0.112755,0.861053,0.000000,0.112755,0.991501,0.064905,0.000000,-0.861053,0.064904,0.504358,0.000000,0.036417,-0.000008,-0.000002,1.000000;;
              }

              Frame Bip01_L_Finger12 {
               

               FrameTransformMatrix {
                0.911673,-0.053354,0.407438,0.000000,0.053354,0.998511,0.011372,0.000000,-0.407438,0.011371,0.913162,0.000000,0.029456,0.000008,-0.000002,1.000000;;
               }
              }
             }
            }

            Frame Bip01_L_Finger2 {
             

             FrameTransformMatrix {
              0.621173,-0.153426,0.768508,0.000000,0.141206,0.986510,0.082814,0.000000,-0.770847,0.057076,0.634458,0.000000,0.112138,-0.005554,-0.003094,1.000000;;
             }

             Frame Bip01_L_Finger21 {
              

              FrameTransformMatrix {
               0.419900,-0.119172,0.899712,0.000000,0.119172,0.989998,0.075513,0.000000,-0.899712,0.075513,0.429903,0.000000,0.036183,0.000000,-0.000000,1.000000;;
              }

              Frame Bip01_L_Finger22 {
               

               FrameTransformMatrix {
                0.951488,-0.040402,0.305022,0.000000,0.040402,0.999163,0.006315,0.000000,-0.305022,0.006315,0.952324,0.000000,0.033584,-0.000000,0.000002,1.000000;;
               }
              }
             }
            }

            Frame Bip01_L_Finger4 {
             

             FrameTransformMatrix {
              0.310260,-0.320005,0.895173,0.000000,0.205009,0.942007,0.265693,0.000000,-0.928283,0.101085,0.357871,0.000000,0.089969,0.040405,0.014387,1.000000;;
             }

             Frame Bip01_L_Finger41 {
              

              FrameTransformMatrix {
               0.434835,-0.125130,0.891774,0.000000,0.125130,0.989088,0.077771,0.000000,-0.891774,0.077770,0.445747,0.000000,0.029095,0.000000,0.000000,1.000000;;
              }

              Frame Bip01_L_Finger42 {
               

               FrameTransformMatrix {
                0.969832,-0.033874,0.241411,0.000000,0.033874,0.999418,0.004151,0.000000,-0.241410,0.004151,0.970414,0.000000,0.030187,-0.000004,-0.000000,1.000000;;
               }
              }
             }
            }

            Frame Bip01_L_Finger0 {
             

             FrameTransformMatrix {
              0.850971,-0.409485,0.328893,0.000000,0.467554,0.305368,-0.829544,0.000000,0.239252,0.859693,0.451316,0.000000,0.065165,-0.046860,0.008271,1.000000;;
             }

             Frame Bip01_L_Finger01 {
              

              FrameTransformMatrix {
               0.991634,0.011751,0.128546,0.000000,0.031865,0.942745,-0.331989,0.000000,-0.125087,0.333307,0.934483,0.000000,0.035114,-0.000000,0.000000,1.000000;;
              }

              Frame Bip01_L_Finger02 {
               

               FrameTransformMatrix {
                0.982683,-0.003787,-0.185260,0.000000,-0.001091,0.999656,-0.026220,0.000000,0.185295,0.025969,0.982340,0.000000,0.028093,0.000000,0.000000,1.000000;;
               }
              }
             }
            }

            Frame Bip01_L_Finger3 {
             

             FrameTransformMatrix {
              0.496558,-0.182932,0.848508,0.000000,0.160830,0.980003,0.117161,0.000000,-0.852973,0.078288,0.516050,0.000000,0.110746,0.020348,0.005982,1.000000;;
             }

             Frame Bip01_L_Finger31 {
              

              FrameTransformMatrix {
               0.305990,-0.129300,0.943214,0.000000,0.129299,0.987199,0.093383,0.000000,-0.943214,0.093383,0.318791,0.000000,0.031014,-0.000008,-0.000002,1.000000;;
              }

              Frame Bip01_L_Finger32 {
               

               FrameTransformMatrix {
                0.899822,-0.059250,0.432215,0.000000,0.059250,0.998152,0.013479,0.000000,-0.432214,0.013479,0.901670,0.000000,0.031015,0.000008,0.000002,1.000000;;
               }
              }
             }
            }
           }
          }
         }
        }

        Frame Bip01_R_Clavicle {
         

         FrameTransformMatrix {
          -0.395290,-0.917777,0.037848,0.000000,-0.435557,0.223554,0.871960,0.000000,-0.808725,0.328192,-0.488113,0.000000,-0.011406,-0.064048,0.013366,1.000000;;
         }

         Frame Bip01_R_UpperArm {
          

          FrameTransformMatrix {
           0.083249,0.697880,-0.711360,0.000000,-0.329611,0.692942,0.641238,0.000000,0.940439,0.181089,0.287716,0.000000,0.120550,0.000000,0.000000,1.000000;;
          }

          Frame Bip01_R_Forearm {
           

           FrameTransformMatrix {
            -0.236117,-0.051085,-0.970381,0.000000,0.051086,0.996584,-0.064895,0.000000,0.970381,-0.064896,-0.232700,0.000000,0.303546,-0.000000,0.000000,1.000000;;
           }

           Frame Bip01_R_Hand {
            

            FrameTransformMatrix {
             0.809439,-0.027607,0.586554,0.000000,0.531434,-0.390445,-0.751752,0.000000,0.249771,0.920212,-0.301370,0.000000,0.215225,0.000000,-0.000008,1.000000;;
            }

            Frame Bip01_R_Finger3 {
             

             FrameTransformMatrix {
              0.554534,0.245504,0.795123,0.000000,-0.205021,0.966345,-0.155385,0.000000,-0.806510,-0.076851,0.586204,0.000000,0.110746,-0.020348,0.005983,1.000000;;
             }

             Frame Bip01_R_Finger31 {
              

              FrameTransformMatrix {
               -0.167917,0.152384,0.973953,0.000000,-0.152384,0.972093,-0.178365,0.000000,-0.973952,-0.178366,-0.140010,0.000000,0.031015,-0.000008,0.000000,1.000000;;
              }

              Frame Bip01_R_Finger32 {
               

               FrameTransformMatrix {
                0.636411,0.119235,0.762079,0.000000,-0.119235,0.991312,-0.055528,0.000000,-0.762079,-0.055528,0.645099,0.000000,0.031014,0.000015,0.000001,1.000000;;
               }
              }
             }
            }

            Frame Bip01_R_Finger4 {
             

             FrameTransformMatrix {
              0.439330,0.268155,0.857369,0.000000,-0.211500,0.958455,-0.191396,0.000000,-0.873073,-0.097247,0.477793,0.000000,0.089972,-0.040405,0.014388,1.000000;;
             }

             Frame Bip01_R_Finger41 {
              

              FrameTransformMatrix {
               0.128196,0.156409,0.979338,0.000000,-0.156410,0.978316,-0.135772,0.000000,-0.979338,-0.135773,0.149880,0.000000,0.029095,0.000008,-0.000000,1.000000;;
              }

              Frame Bip01_R_Finger42 {
               

               FrameTransformMatrix {
                0.501971,0.136402,0.854061,0.000000,-0.136402,0.987613,-0.077562,0.000000,-0.854061,-0.077562,0.514358,0.000000,0.030187,0.000000,-0.000001,1.000000;;
               }
              }
             }
            }

            Frame Bip01_R_Finger2 {
             

             FrameTransformMatrix {
              0.633309,0.090761,0.768559,0.000000,-0.107638,0.993777,-0.028662,0.000000,-0.766377,-0.064574,0.639137,0.000000,0.112141,0.005554,-0.003096,1.000000;;
             }

             Frame Bip01_R_Finger21 {
              

              FrameTransformMatrix {
               -0.351388,0.140516,0.925625,0.000000,-0.140516,0.969558,-0.200528,0.000000,-0.925625,-0.200528,-0.320947,0.000000,0.036186,0.000000,-0.000000,1.000000;;
              }

              Frame Bip01_R_Finger22 {
               

               FrameTransformMatrix {
                0.946378,0.048487,0.319401,0.000000,-0.048487,0.998792,-0.007956,0.000000,-0.319401,-0.007957,0.947586,0.000000,0.033585,-0.000000,0.000001,1.000000;;
               }
              }
             }
            }

            Frame Bip01_R_Finger0 {
             

             FrameTransformMatrix {
              0.702786,0.473090,0.531300,0.000000,-0.674645,0.206257,0.708740,0.000000,0.225713,-0.856531,0.464122,0.000000,0.065164,0.046867,0.008270,1.000000;;
             }

             Frame Bip01_R_Finger01 {
              

              FrameTransformMatrix {
               0.885987,-0.338097,0.317360,0.000000,0.192309,0.890665,0.411987,0.000000,-0.421953,-0.303984,0.854137,0.000000,0.035107,-0.000001,-0.000004,1.000000;;
              }

              Frame Bip01_R_Finger02 {
               

               FrameTransformMatrix {
                0.519209,-0.578588,0.629013,0.000000,0.551752,0.788990,0.270304,0.000000,-0.652680,0.206715,0.728888,0.000000,0.028088,0.000002,0.000000,1.000000;;
               }
              }
             }
            }

            Frame Bip01_R_Finger1 {
             

             FrameTransformMatrix {
              0.976054,0.129787,0.174571,0.000000,-0.128020,0.991541,-0.021394,0.000000,-0.175871,-0.001467,0.984413,0.000000,0.109282,0.031761,-0.001290,1.000000;;
             }

             Frame Bip01_R_Finger11 {
              

              FrameTransformMatrix {
               0.838816,0.080913,0.538370,0.000000,-0.080913,0.996440,-0.023689,0.000000,-0.538370,-0.023690,0.842376,0.000000,0.036417,-0.000004,0.000001,1.000000;;
              }

              Frame Bip01_R_Finger12 {
               

               FrameTransformMatrix {
                0.867335,0.073973,0.492197,0.000000,-0.073973,0.997070,-0.019498,0.000000,-0.492196,-0.019498,0.870266,0.000000,0.029457,0.000000,-0.000000,1.000000;;
               }
              }
             }
            }
           }
          }
         }
        }

        Frame Bip01_Head {
         

         FrameTransformMatrix {
          0.909021,-0.042608,-0.414567,0.000000,-0.013009,0.991374,-0.130415,0.000000,0.416548,0.123943,0.900625,0.000000,0.092566,0.000000,0.021026,1.000000;;
         }

         Frame eyeL {
          

          FrameTransformMatrix {
           -0.000000,1.000000,0.000000,0.000000,1.000000,0.000000,0.000002,0.000000,0.000002,-0.000000,-1.000000,0.000000,0.100750,-0.027709,0.080177,1.000000;;
          }
         }

         Frame bone_slot2_headgear {
          

          FrameTransformMatrix {
           -0.069990,0.124542,0.989743,0.000000,0.036588,-0.991188,0.127311,0.000000,0.996877,0.045123,0.064817,0.000000,0.148706,0.000000,-0.036392,1.000000;;
          }

          Frame de_headgear_picklehaube_83 {
           

           FrameTransformMatrix {
            1.000000,0.000000,-0.000001,0.000000,0.000000,1.000001,-0.000002,0.000000,0.000001,0.000002,1.000000,0.000000,-0.006950,0.000002,0.013699,1.000000;;
           }

           Mesh de_headgear_picklehaube_83 {
            506;
            0.041735;0.096049;-0.017354;,
            0.001020;0.085550;-0.018618;,
            0.034972;0.093617;-0.005696;,
            0.004067;0.088512;-0.028448;,
            -0.025379;0.072642;-0.021925;,
            -0.022826;0.075525;-0.034323;,
            -0.053516;0.055539;-0.023813;,
            -0.051553;0.056778;-0.038044;,
            -0.066064;0.030724;-0.028898;,
            -0.066244;0.030079;-0.044053;,
            -0.073012;0.002386;-0.027839;,
            -0.072308;0.000913;-0.042989;,
            0.012904;0.097218;-0.037604;,
            -0.028451;0.082173;-0.058324;,
            -0.007212;0.094756;-0.046226;,
            -0.061863;0.060499;-0.079104;,
            -0.080305;0.032042;-0.087466;,
            -0.086224;-0.000076;-0.089588;,
            -0.054201;0.056298;-0.002144;,
            -0.029889;0.074041;0.002012;,
            -0.056843;0.046578;0.029205;,
            -0.035349;0.063661;0.033556;,
            -0.003006;0.084271;0.005378;,
            -0.006228;0.077568;0.043051;,
            0.027934;0.089361;0.015264;,
            0.022150;0.081079;0.051283;,
            -0.067363;0.026707;0.027072;,
            -0.066693;0.032397;-0.006535;,
            -0.071813;-0.001020;0.025748;,
            -0.074865;-0.000336;-0.007409;,
            -0.002681;0.056828;0.063237;,
            0.020162;0.059665;0.072288;,
            -0.026378;0.048956;0.057692;,
            -0.044555;0.035484;0.052942;,
            -0.052872;0.018685;0.049880;,
            -0.055839;-0.000076;0.048851;,
            -0.068966;-0.030601;-0.025636;,
            -0.067148;-0.029028;-0.040342;,
            -0.049125;-0.054608;-0.037270;,
            -0.051144;-0.056276;-0.023089;,
            -0.025639;-0.076701;-0.031136;,
            -0.027936;-0.075347;-0.019477;,
            0.004377;-0.089184;-0.022534;,
            0.000960;-0.086392;-0.012799;,
            0.041755;-0.096681;-0.012164;,
            0.035162;-0.095203;-0.000686;,
            0.013358;-0.097236;-0.032644;,
            -0.028511;-0.081906;-0.058519;,
            -0.006922;-0.094564;-0.043274;,
            -0.061898;-0.060432;-0.079758;,
            -0.080300;-0.032120;-0.087456;,
            0.044917;-0.096816;-0.024367;,
            0.028214;-0.090652;0.020059;,
            -0.002506;-0.084034;0.009699;,
            -0.002616;-0.076971;0.044045;,
            0.026206;-0.080602;0.052642;,
            -0.027262;-0.067795;0.036853;,
            -0.031892;-0.075962;0.002481;,
            -0.048471;-0.051186;0.030199;,
            -0.052707;-0.060377;-0.002938;,
            -0.064041;-0.028898;0.026902;,
            -0.068172;-0.031436;-0.007019;,
            0.005781;-0.058254;0.068192;,
            0.029348;-0.060362;0.072033;,
            -0.020683;-0.051855;0.058027;,
            -0.040934;-0.038389;0.049925;,
            -0.052572;-0.018903;0.049096;,
            0.019462;-0.047675;0.077038;,
            0.003883;-0.045527;0.072802;,
            0.012609;-0.033189;0.077158;,
            0.004707;-0.031376;0.073761;,
            -0.009579;-0.026425;0.069236;,
            -0.018321;-0.040776;0.062982;,
            -0.022282;-0.019003;0.065889;,
            -0.031648;-0.029702;0.057307;,
            -0.029415;-0.009997;0.064865;,
            -0.044330;-0.014452;0.057213;,
            -0.030798;-0.000076;0.065729;,
            -0.046818;-0.000076;0.058027;,
            -0.043921;0.014250;0.059890;,
            -0.028241;0.009814;0.067263;,
            -0.035834;0.027052;0.063596;,
            -0.022207;0.018690;0.069251;,
            -0.022746;0.037102;0.066518;,
            -0.012411;0.025698;0.072562;,
            -0.001867;0.043501;0.072313;,
            -0.000493;0.030184;0.076059;,
            0.011775;0.032906;0.079221;,
            0.016011;0.045694;0.075465;,
            0.011305;0.021398;0.081194;,
            0.003483;0.019230;0.078247;,
            -0.003985;0.016368;0.075570;,
            -0.010104;0.011892;0.072902;,
            -0.013895;0.006223;0.071419;,
            -0.015109;-0.000091;0.070924;,
            -0.014260;-0.006430;0.071444;,
            -0.010413;-0.012144;0.072557;,
            -0.003510;-0.016805;0.074710;,
            0.004432;-0.019862;0.076913;,
            0.008593;-0.020821;0.079661;,
            0.001640;-0.020871;0.085530;,
            0.008498;-0.021950;0.087653;,
            -0.000049;-0.021980;0.090170;,
            0.007164;-0.023114;0.092328;,
            -0.006927;-0.018628;0.088017;,
            -0.005109;-0.017659;0.083492;,
            -0.012706;-0.013548;0.086868;,
            -0.010733;-0.012809;0.082328;,
            -0.016323;-0.007159;0.086789;,
            -0.014195;-0.006770;0.082038;,
            -0.017511;-0.000076;0.087033;,
            -0.015234;-0.000076;0.081878;,
            -0.016408;0.007007;0.088127;,
            -0.014200;0.006617;0.082688;,
            -0.012651;0.013396;0.089691;,
            -0.010603;0.012656;0.084146;,
            -0.007032;0.018466;0.091674;,
            -0.005144;0.017447;0.086279;,
            -0.000323;0.021722;0.093447;,
            0.001275;0.020524;0.088177;,
            0.006940;0.022841;0.095180;,
            0.008198;0.021587;0.089721;,
            -0.016592;-0.007064;0.092982;,
            -0.017766;-0.000191;0.093467;,
            -0.016707;0.006677;0.094651;,
            -0.013256;0.012881;0.096204;,
            -0.008041;0.017821;0.097933;,
            -0.001602;0.021023;0.099616;,
            0.005391;0.022142;0.101529;,
            -0.015813;-0.006310;0.118667;,
            -0.013985;-0.009932;0.118972;,
            -0.013131;-0.013273;0.093197;,
            -0.007766;-0.018213;0.094406;,
            -0.004769;-0.021755;0.101105;,
            0.002094;-0.022844;0.102963;,
            -0.003575;-0.015321;0.121594;,
            -0.007551;-0.014667;0.120555;,
            -0.011138;-0.012809;0.119626;,
            -0.007556;0.009939;0.121669;,
            -0.003580;0.010548;0.122723;,
            -0.011677;-0.011395;0.148188;,
            -0.014150;-0.010966;0.147564;,
            -0.015144;-0.007009;0.151071;,
            -0.011318;-0.007674;0.152040;,
            -0.016383;-0.009792;0.147049;,
            -0.018156;-0.007993;0.146700;,
            -0.016902;-0.003533;0.150831;,
            -0.019290;-0.005751;0.146540;,
            -0.019679;-0.003273;0.146595;,
            -0.019285;-0.000806;0.146855;,
            -0.015134;-0.000116;0.151510;,
            -0.018141;0.001407;0.147299;,
            -0.016363;0.003146;0.147874;,
            -0.014130;0.004250;0.148528;,
            -0.011303;0.000428;0.152554;,
            -0.011652;0.004599;0.149202;,
            -0.016443;-0.002309;0.118722;,
            -0.015813;0.001687;0.119117;,
            -0.013990;0.005278;0.119781;,
            -0.011148;0.008126;0.120660;,
            0.136203;-0.000011;0.033356;,
            0.133950;0.031278;0.016283;,
            0.130658;0.030694;0.031128;,
            0.142022;-0.000076;0.019230;,
            0.115098;0.058821;0.011323;,
            0.112951;0.057612;0.026428;,
            0.090503;0.078037;0.006153;,
            0.086067;0.077248;0.017671;,
            0.070462;0.090775;-0.003138;,
            0.064468;0.090725;0.009419;,
            0.138960;0.031533;0.011937;,
            0.147007;-0.000076;0.014549;,
            0.119774;0.059325;0.007197;,
            0.095238;0.078956;0.003076;,
            0.099499;0.079411;-0.004332;,
            0.078050;0.091459;-0.011270;,
            0.091287;0.088757;-0.021600;,
            0.124259;0.073457;-0.022804;,
            0.123535;0.059760;-0.001775;,
            0.155324;0.053701;-0.023678;,
            0.143046;0.031768;0.002077;,
            0.167882;0.028461;-0.022734;,
            0.150379;-0.000076;0.004115;,
            0.173391;-0.000061;-0.022294;,
            0.071221;0.094591;-0.021360;,
            0.041735;0.096049;-0.017354;,
            0.044658;0.097648;-0.028324;,
            0.034972;0.093617;-0.005696;,
            0.056831;0.085570;0.029615;,
            0.027934;0.089361;0.015264;,
            0.022150;0.081079;0.051283;,
            0.050402;0.077393;0.060404;,
            0.084039;0.077832;0.039235;,
            0.073904;0.066788;0.064550;,
            0.112002;0.055569;0.046453;,
            0.089289;0.048521;0.071199;,
            0.127471;0.030159;0.051908;,
            0.097406;0.028621;0.078362;,
            0.130658;0.000453;0.054365;,
            0.101322;0.000873;0.078447;,
            0.076002;0.018695;0.084731;,
            0.079324;-0.000076;0.086449;,
            0.068055;0.035434;0.081993;,
            0.057595;0.048536;0.079046;,
            0.041076;0.056833;0.075020;,
            0.020162;0.059665;0.072288;,
            0.101082;-0.026955;0.078991;,
            0.124319;-0.029847;0.054201;,
            0.089059;-0.051671;0.074845;,
            0.104094;-0.056031;0.048266;,
            0.073210;-0.067380;0.066219;,
            0.083150;-0.076951;0.040074;,
            0.052775;-0.077106;0.061378;,
            0.057265;-0.088754;0.031093;,
            0.026206;-0.080602;0.052642;,
            0.028214;-0.090652;0.020059;,
            0.035162;-0.095203;-0.000686;,
            0.064903;-0.089229;0.011742;,
            0.071666;-0.035751;0.083277;,
            0.078699;-0.018913;0.086414;,
            0.058324;-0.049368;0.078971;,
            0.045866;-0.058264;0.074960;,
            0.029348;-0.060362;0.072033;,
            0.089214;-0.073205;0.020139;,
            0.071541;-0.089169;0.000308;,
            0.096342;-0.073654;0.010084;,
            0.109649;-0.057515;0.026628;,
            0.116627;-0.058899;0.015633;,
            0.127881;-0.030846;0.031028;,
            0.133465;-0.031455;0.016168;,
            0.138850;-0.031700;0.011922;,
            0.121947;-0.059538;0.012377;,
            0.101307;-0.074968;0.007302;,
            0.105813;-0.076741;0.000089;,
            0.080632;-0.090348;-0.007679;,
            0.096437;-0.087196;-0.018218;,
            0.135134;-0.073414;-0.021875;,
            0.126492;-0.059923;0.004080;,
            0.156043;-0.053714;-0.023393;,
            0.143041;-0.031915;0.002077;,
            0.167897;-0.028538;-0.022729;,
            0.071586;-0.093684;-0.018089;,
            0.041755;-0.096681;-0.012164;,
            0.044917;-0.096816;-0.024367;,
            0.168821;-0.028538;-0.024632;,
            0.174255;-0.000061;-0.024198;,
            0.168851;-0.028533;-0.026680;,
            0.174196;-0.000061;-0.025971;,
            0.168836;0.028461;-0.026690;,
            0.168806;0.028461;-0.024637;,
            0.155819;0.053706;-0.026895;,
            0.156073;0.053711;-0.025531;,
            0.122686;0.071913;-0.024337;,
            0.124364;0.072987;-0.023878;,
            0.091861;0.087623;-0.022484;,
            0.091532;0.085430;-0.022994;,
            0.070727;0.091894;-0.023308;,
            0.070812;0.093927;-0.022694;,
            0.044772;0.094676;-0.029812;,
            0.044837;0.096734;-0.029427;,
            0.072715;0.091839;-0.026760;,
            0.093679;0.085135;-0.025976;,
            0.046621;0.094756;-0.033089;,
            0.072540;0.088372;-0.026830;,
            0.093140;0.081344;-0.025696;,
            0.046516;0.091149;-0.032944;,
            0.118715;0.071798;-0.025596;,
            0.113835;0.068746;-0.025386;,
            0.151728;0.053636;-0.028553;,
            0.167627;0.028451;-0.028418;,
            0.172507;-0.000061;-0.027709;,
            0.167642;-0.028523;-0.028408;,
            0.152552;-0.053629;-0.028224;,
            0.156473;-0.053709;-0.026635;,
            0.156713;-0.053719;-0.025277;,
            0.133515;-0.071856;-0.023808;,
            0.135234;-0.072935;-0.023069;,
            0.097161;-0.086157;-0.019113;,
            0.097056;-0.083979;-0.019462;,
            0.071097;-0.091062;-0.020082;,
            0.071152;-0.093050;-0.019462;,
            0.045087;-0.093689;-0.026380;,
            0.045137;-0.095797;-0.025771;,
            0.073185;-0.091017;-0.023548;,
            0.099094;-0.083859;-0.022839;,
            0.047025;-0.093585;-0.030082;,
            0.073055;-0.087605;-0.023503;,
            0.099104;-0.080073;-0.022409;,
            0.046920;-0.089998;-0.030122;,
            0.129989;-0.071726;-0.025257;,
            0.148870;-0.051416;-0.027779;,
            0.163851;-0.027354;-0.028004;,
            0.168726;-0.000061;-0.027305;,
            0.163836;0.027282;-0.028014;,
            0.147906;0.051423;-0.028164;,
            0.125249;-0.068674;-0.024847;,
            0.047735;-0.000076;0.086863;,
            0.057935;0.014255;0.087823;,
            0.045372;0.009814;0.086809;,
            0.060667;-0.000076;0.088072;,
            0.053579;0.027067;0.083737;,
            0.040367;0.018695;0.086044;,
            0.044887;0.037117;0.080565;,
            0.032869;0.025703;0.083332;,
            0.032080;0.043511;0.078437;,
            0.023358;0.030184;0.081619;,
            0.016011;0.045694;0.075465;,
            0.011775;0.032906;0.079221;,
            0.059343;-0.014457;0.087463;,
            0.045761;-0.010002;0.085650;,
            0.055687;-0.027394;0.085110;,
            0.040641;-0.019033;0.083327;,
            0.043853;-0.038349;0.081459;,
            0.033998;-0.026505;0.081264;,
            0.033913;-0.045382;0.080914;,
            0.025961;-0.031286;0.079451;,
            0.019462;-0.047675;0.077038;,
            0.012609;-0.033189;0.077158;,
            0.025471;0.016368;0.084316;,
            0.030646;0.011892;0.085580;,
            0.034083;0.006223;0.085864;,
            0.035502;-0.000091;0.086249;,
            0.034013;-0.006430;0.086389;,
            0.030621;-0.012124;0.085415;,
            0.025541;-0.016695;0.083352;,
            0.019302;-0.019727;0.081184;,
            0.008593;-0.020821;0.079661;,
            0.029817;-0.000076;0.095420;,
            0.028733;0.006617;0.095330;,
            0.029742;-0.000076;0.101114;,
            0.028598;-0.007159;0.100435;,
            0.028688;-0.006770;0.095155;,
            0.025391;-0.013548;0.098892;,
            0.025651;-0.012809;0.093797;,
            0.020436;-0.018618;0.096854;,
            0.020991;-0.017599;0.091824;,
            0.014147;-0.021900;0.094541;,
            0.015062;-0.020771;0.089676;,
            0.007164;-0.023114;0.092328;,
            0.008498;-0.021950;0.087653;,
            0.028603;0.007007;0.101095;,
            0.025656;0.012656;0.094711;,
            0.025356;0.013396;0.100420;,
            0.020911;0.017447;0.093622;,
            0.020326;0.018466;0.099226;,
            0.014932;0.020524;0.091924;,
            0.013998;0.021722;0.097488;,
            0.008198;0.021587;0.089721;,
            0.006940;0.022841;0.095180;,
            0.012384;-0.021380;0.100490;,
            0.018528;-0.018208;0.102698;,
            0.002094;-0.022844;0.102963;,
            0.012249;0.021068;0.103407;,
            0.005391;0.022142;0.101529;,
            0.018428;0.017916;0.104986;,
            0.023338;0.012986;0.106185;,
            0.026510;0.006767;0.106839;,
            0.027619;-0.000131;0.106814;,
            0.026530;-0.007034;0.106055;,
            0.023398;-0.013263;0.104631;,
            0.008653;-0.006455;0.125416;,
            0.009292;-0.002459;0.125750;,
            0.006820;-0.010046;0.124751;,
            0.003977;-0.012894;0.123817;,
            0.000396;-0.014712;0.122723;,
            -0.003575;-0.015321;0.121594;,
            0.008673;0.001542;0.125720;,
            -0.004050;-0.005990;0.150531;,
            -0.003655;-0.003528;0.150791;,
            -0.009180;-0.006160;0.152694;,
            -0.008565;-0.002349;0.153099;,
            -0.005194;-0.008203;0.150091;,
            -0.011318;-0.007674;0.152040;,
            -0.006967;-0.009942;0.149517;,
            -0.009200;-0.011045;0.148863;,
            -0.011677;-0.011395;0.148188;,
            -0.004040;-0.001050;0.150851;,
            -0.005169;0.001197;0.150696;,
            -0.006942;0.002996;0.150341;,
            -0.011303;0.000428;0.152554;,
            -0.009175;0.004170;0.149827;,
            -0.011652;0.004599;0.149202;,
            -0.015134;-0.000116;0.151510;,
            -0.015144;-0.007009;0.151071;,
            -0.016902;-0.003533;0.150831;,
            -0.003580;0.010548;0.122723;,
            0.000396;0.009894;0.123747;,
            0.003987;0.008036;0.124641;,
            0.006835;0.005154;0.125321;,
            0.044658;0.097648;-0.028324;,
            0.044837;0.096734;-0.029427;,
            0.012619;0.096579;-0.038628;,
            0.044772;0.094676;-0.029812;,
            0.012629;0.095905;-0.038963;,
            0.013978;0.096219;-0.041940;,
            0.046621;0.094756;-0.033089;,
            0.013828;0.092558;-0.041980;,
            0.046516;0.091149;-0.032944;,
            -0.006677;0.092962;-0.047365;,
            -0.007042;0.093986;-0.047165;,
            -0.027452;0.082178;-0.062155;,
            -0.028231;0.082168;-0.060402;,
            -0.058771;0.060484;-0.081456;,
            -0.060954;0.060504;-0.080747;,
            -0.076803;0.032042;-0.090123;,
            -0.079416;0.032047;-0.089174;,
            -0.082698;-0.000076;-0.092251;,
            -0.085345;-0.000076;-0.091292;,
            -0.027152;0.082228;-0.064558;,
            -0.004939;0.094001;-0.051870;,
            -0.059660;0.060514;-0.082900;,
            -0.024475;0.082198;-0.065472;,
            -0.004245;0.090600;-0.051316;,
            -0.055619;0.060469;-0.083035;,
            -0.072358;0.032027;-0.090508;,
            -0.078197;-0.000076;-0.092650;,
            -0.079416;-0.032120;-0.089164;,
            -0.076803;-0.032110;-0.090118;,
            -0.060979;-0.060432;-0.081396;,
            -0.058796;-0.060407;-0.082116;,
            -0.028261;-0.081926;-0.060487;,
            -0.027452;-0.081936;-0.062145;,
            -0.006932;-0.093779;-0.044338;,
            -0.006642;-0.092740;-0.044583;,
            -0.027137;-0.081971;-0.064493;,
            -0.004914;-0.093729;-0.049258;,
            -0.059655;-0.060427;-0.082875;,
            -0.024460;-0.081926;-0.065407;,
            -0.004374;-0.090338;-0.048863;,
            -0.055614;-0.060367;-0.083000;,
            -0.072363;-0.032090;-0.090513;,
            0.013059;-0.096582;-0.033718;,
            0.013064;-0.095892;-0.034043;,
            0.014387;-0.096137;-0.037185;,
            0.045087;-0.093689;-0.026380;,
            0.047025;-0.093585;-0.030082;,
            0.014257;-0.092476;-0.037200;,
            0.046920;-0.089998;-0.030122;,
            0.045137;-0.095797;-0.025771;,
            0.018893;0.019230;0.082608;,
            0.011305;0.021398;0.081194;,
            -0.004245;0.090600;-0.051316;,
            -0.023131;0.080600;-0.061611;,
            -0.024475;0.082198;-0.065472;,
            -0.003715;0.088832;-0.049303;,
            -0.053706;0.059286;-0.077620;,
            -0.055619;0.060469;-0.083035;,
            0.013828;0.092558;-0.041980;,
            -0.070025;0.031398;-0.085333;,
            -0.072358;0.032027;-0.090508;,
            -0.053706;0.059286;-0.077620;,
            -0.075729;-0.000076;-0.087361;,
            -0.078197;-0.000076;-0.092650;,
            -0.072363;-0.032090;-0.090513;,
            -0.070035;-0.031460;-0.085343;,
            -0.055614;-0.060367;-0.083000;,
            -0.053551;-0.059188;-0.078120;,
            -0.024460;-0.081926;-0.065407;,
            -0.023171;-0.080323;-0.061706;,
            -0.004374;-0.090338;-0.048863;,
            -0.070035;-0.031460;-0.085343;,
            -0.024630;-0.040202;-0.030961;,
            -0.006367;-0.054738;-0.027280;,
            0.036610;0.000024;0.017871;,
            0.012304;-0.060612;-0.018873;,
            -0.036808;-0.021400;-0.033598;,
            -0.040739;0.000159;-0.034368;,
            -0.036093;0.021632;-0.034607;,
            -0.024420;0.040224;-0.030796;,
            -0.006273;0.054885;-0.027449;,
            0.012040;0.060734;-0.019657;,
            0.039662;0.061014;-0.006170;,
            0.046516;0.091149;-0.032944;,
            0.072540;0.088372;-0.026830;,
            0.056851;0.060369;-0.002254;,
            0.093140;0.081344;-0.025696;,
            0.013828;0.092558;-0.041980;,
            -0.003715;0.088832;-0.049303;,
            0.113835;0.068746;-0.025386;,
            0.092785;0.051828;-0.001245;,
            0.147906;0.051423;-0.028164;,
            0.112491;0.038896;0.000598;,
            0.163836;0.027282;-0.028014;,
