xof 0303txt 0032
template ColorRGBA {
 <35ff44e0-6c7c-11cf-8f52-0040333594a3>
 FLOAT red;
 FLOAT green;
 FLOAT blue;
 FLOAT alpha;
}

template ColorRGB {
 <d3e16e81-7835-11cf-8f52-0040333594a3>
 FLOAT red;
 FLOAT green;
 FLOAT blue;
}

template Material {
 <3d82ab4d-62da-11cf-ab39-0020af71e433>
 ColorRGBA faceColor;
 FLOAT power;
 ColorRGB specularColor;
 ColorRGB emissiveColor;
 [...]
}

template TextureFilename {
 <a42790e1-7810-11cf-8f52-0040333594a3>
 STRING filename;
}

template Frame {
 <3d82ab46-62da-11cf-ab39-0020af71e433>
 [...]
}

template Matrix4x4 {
 <f6f23f45-7686-11cf-8f52-0040333594a3>
 array FLOAT matrix[16];
}

template FrameTransformMatrix {
 <f6f23f41-7686-11cf-8f52-0040333594a3>
 Matrix4x4 frameMatrix;
}

template Vector {
 <3d82ab5e-62da-11cf-ab39-0020af71e433>
 FLOAT x;
 FLOAT y;
 FLOAT z;
}

template MeshFace {
 <3d82ab5f-62da-11cf-ab39-0020af71e433>
 DWORD nFaceVertexIndices;
 array DWORD faceVertexIndices[nFaceVertexIndices];
}

template Mesh {
 <3d82ab44-62da-11cf-ab39-0020af71e433>
 DWORD nVertices;
 array Vector vertices[nVertices];
 DWORD nFaces;
 array MeshFace faces[nFaces];
 [...]
}

template MeshNormals {
 <f6f23f43-7686-11cf-8f52-0040333594a3>
 DWORD nNormals;
 array Vector normals[nNormals];
 DWORD nFaceNormals;
 array MeshFace faceNormals[nFaceNormals];
}

template MeshMaterialList {
 <f6f23f42-7686-11cf-8f52-0040333594a3>
 DWORD nMaterials;
 DWORD nFaceIndexes;
 array DWORD faceIndexes[nFaceIndexes];
 [Material <3d82ab4d-62da-11cf-ab39-0020af71e433>]
}

template Coords2d {
 <f6f23f44-7686-11cf-8f52-0040333594a3>
 FLOAT u;
 FLOAT v;
}

template MeshTextureCoords {
 <f6f23f40-7686-11cf-8f52-0040333594a3>
 DWORD nTextureCoords;
 array Coords2d textureCoords[nTextureCoords];
}

template XSkinMeshHeader {
 <3cf169ce-ff7c-44ab-93c0-f78f62d172e2>
 WORD nMaxSkinWeightsPerVertex;
 WORD nMaxSkinWeightsPerFace;
 WORD nBones;
}

template SkinWeights {
 <6f0d123b-bad2-4167-a0d0-80224f25fabb>
 STRING transformNodeName;
 DWORD nWeights;
 array DWORD vertexIndices[nWeights];
 array FLOAT weights[nWeights];
 Matrix4x4 matrixOffset;
}

template AnimTicksPerSecond {
 <9e415a43-7ba6-4a73-8743-b73d47e88476>
 DWORD AnimTicksPerSecond;
}

template Animation {
 <3d82ab4f-62da-11cf-ab39-0020af71e433>
 [...]
}

template AnimationSet {
 <3d82ab50-62da-11cf-ab39-0020af71e433>
 [Animation <3d82ab4f-62da-11cf-ab39-0020af71e433>]
}

template FloatKeys {
 <10dd46a9-775b-11cf-8f52-0040333594a3>
 DWORD nValues;
 array FLOAT values[nValues];
}

template TimedFloatKeys {
 <f406b180-7b3b-11cf-8f52-0040333594a3>
 DWORD time;
 FloatKeys tfkeys;
}

template AnimationKey {
 <10dd46a8-775b-11cf-8f52-0040333594a3>
 DWORD keyType;
 DWORD nKeys;
 array TimedFloatKeys keys[nKeys];
}


Material Material__31 {
 1.000000;1.000000;1.000000;1.000000;;
 10.000000;
 0.000000;0.000000;0.000000;;
 0.000000;0.000000;0.000000;;

 TextureFilename {
  "de_headgear_picklehaube_clr.png";
 }
}

Material Material__30 {
 1.000000;1.000000;1.000000;1.000000;;
 10.000000;
 0.000000;0.000000;0.000000;;
 0.000000;0.000000;0.000000;;

 TextureFilename {
  "character_face_de_young_clr.png";
 }
}

Material Material__26 {
 1.000000;1.000000;1.000000;1.000000;;
 10.000000;
 0.000000;0.000000;0.000000;;
 0.000000;0.000000;0.000000;;

 TextureFilename {
  "character_de_cloth_greatcoat_clr.png";
 }
}

Material Material__29 {
 1.000000;1.000000;1.000000;1.000000;;
 10.000000;
 0.000000;0.000000;0.000000;;
 0.000000;0.000000;0.000000;;

 TextureFilename {
  "character_face_de_young_clr.png";
 }
}

Material Material__28 {
 1.000000;1.000000;1.000000;1.000000;;
 10.000000;
 0.000000;0.000000;0.000000;;
 0.000000;0.000000;0.000000;;

 TextureFilename {
  "character_hands_clr.png";
 }
}

Material Material__25 {
 1.000000;1.000000;1.000000;1.000000;;
 10.000000;
 0.000000;0.000000;0.000000;;
 0.000000;0.000000;0.000000;;

 TextureFilename {
  "character_de_cloth_feldrock_m1910_jaeger_clr.png";
 }
}

Frame character_prefab_qq {
 

 FrameTransformMatrix {
  12.608710,0.960543,-10.422749,0.000000,-10.308679,3.966272,-12.105190,0.000000,1.813132,15.870792,3.656026,0.000000,0.000000,-5.333048,0.000000,1.000000;;
 }

 Frame avatar {
  

  FrameTransformMatrix {
   1.000000,-0.000000,0.000000,0.000000,-0.000000,1.000000,0.000000,0.000000,0.000000,0.000000,1.000000,0.000000,0.000000,-0.000000,-0.120000,1.000000;;
  }

  Frame Bip01 {
   

   FrameTransformMatrix {
    0.000002,1.000000,0.000000,0.000000,0.000000,0.000000,1.000000,0.000000,1.000000,-0.000002,-0.000000,0.000000,0.000000,-0.028603,0.915761,1.000000;;
   }

   Frame Bip01_Pelvis {
    

    FrameTransformMatrix {
     -0.000000,1.000000,0.000000,0.000000,-0.000002,-0.000000,1.000000,0.000000,1.000000,0.000000,0.000002,0.000000,0.000000,0.000000,0.000000,1.000000;;
    }

    Frame Bip01_Spine {
     

     FrameTransformMatrix {
      1.000000,0.000002,0.000796,0.000000,-0.000002,1.000000,0.000004,0.000000,-0.000796,-0.000003,1.000000,0.000000,0.089950,0.000000,0.019859,1.000000;;
     }

     Frame Bip01_L_Thigh {
      

      FrameTransformMatrix {
       -0.064974,0.591136,0.803950,0.000000,-0.126889,-0.804007,0.580923,0.000000,0.989787,-0.064268,0.127248,0.000000,-0.089966,0.109829,-0.019783,1.000000;;
      }

      Frame Bip01_L_Calf {
       

       FrameTransformMatrix {
        -0.595828,-0.100062,-0.796854,0.000000,0.278629,0.904825,-0.321959,0.000000,0.753229,-0.413859,-0.511240,0.000000,0.413523,-0.000001,0.000000,1.000000;;
       }

       Frame Bip01_L_Foot {
        

        FrameTransformMatrix {
         0.876081,0.307336,0.371519,0.000000,-0.255301,0.949328,-0.183297,0.000000,-0.409027,0.065734,0.910152,0.000000,0.413523,-0.000001,0.000008,1.000000;;
        }

        Frame Bip01_L_Toe0 {
         

         FrameTransformMatrix {
          -0.005584,-0.001668,0.999983,0.000000,0.000868,0.999998,0.001672,0.000000,-0.999984,0.000877,-0.005582,0.000000,0.100631,-0.000000,0.171074,1.000000;;
         }
        }
       }
      }
     }

     Frame Bip01_R_Thigh {
      

      FrameTransformMatrix {
       -0.929063,-0.323574,0.179282,0.000000,0.369591,-0.791424,0.486879,0.000000,-0.015654,0.518602,0.854873,0.000000,-0.089966,-0.109830,-0.019783,1.000000;;
      }

      Frame Bip01_R_Calf {
       

       FrameTransformMatrix {
        -0.604459,0.068168,-0.793715,0.000000,-0.225969,0.940738,0.252883,0.000000,0.763916,0.332212,-0.553233,0.000000,0.413523,0.000000,-0.000015,1.000000;;
       }

       Frame Bip01_R_Foot {
        

        FrameTransformMatrix {
         0.670809,-0.219057,0.708540,0.000000,0.338917,0.940333,-0.030150,0.000000,-0.659659,0.260361,0.705026,0.000000,0.413522,-0.000000,-0.000008,1.000000;;
        }

        Frame Bip01_R_Toe0 {
         

         FrameTransformMatrix {
          -0.435139,0.234328,0.869336,0.000000,0.525097,0.850378,0.033615,0.000000,-0.731387,0.471113,-0.493078,0.000000,0.100631,-0.000000,0.171074,1.000000;;
         }
        }
       }
      }
     }

     Frame Bip01_Spine1 {
      

      FrameTransformMatrix {
       0.970854,0.089666,0.222266,0.000000,-0.080310,0.995475,-0.050797,0.000000,-0.225815,0.031466,0.973662,0.000000,0.154731,-0.000000,-0.000122,1.000000;;
      }

      Frame Bip01_Spine2 {
       

       FrameTransformMatrix {
        0.950119,0.004781,0.311849,0.000000,0.029468,0.994033,-0.105019,0.000000,-0.310490,0.108970,0.944310,0.000000,0.154730,0.000000,-0.000122,1.000000;;
       }

       Frame Bip01_Neck {
        

        FrameTransformMatrix {
         0.814123,0.049273,0.578599,0.000000,0.027689,0.991966,-0.123435,0.000000,-0.580032,0.116512,0.806218,0.000000,0.185621,-0.000000,-0.034454,1.000000;;
        }

        Frame Bip01_L_Clavicle {
         

         FrameTransformMatrix {
          -0.365241,0.927098,0.084193,0.000000,0.878428,0.373175,-0.298504,0.000000,-0.308161,-0.035069,-0.950688,0.000000,-0.011404,0.064048,0.013367,1.000000;;
         }

         Frame Bip01_L_UpperArm {
          

          FrameTransformMatrix {
           0.194086,-0.269805,-0.943152,0.000000,0.501789,0.853440,-0.140881,0.000000,0.842935,-0.445921,0.301026,0.000000,0.120550,0.000000,0.000000,1.000000;;
          }

          Frame Bip01_L_Forearm {
           

           FrameTransformMatrix {
            0.167354,0.243982,-0.955231,0.000000,0.981207,-0.135614,0.137266,0.000000,-0.096052,-0.960251,-0.262092,0.000000,0.303546,0.000002,-0.000000,1.000000;;
           }

           Frame Bip01_L_Hand {
            

            FrameTransformMatrix {
             0.960061,0.198527,0.197154,0.000000,-0.091415,-0.443405,0.891647,0.000000,0.264435,-0.874059,-0.407548,0.000000,0.215225,0.000000,0.000000,1.000000;;
            }

            Frame Bip01_L_Finger1 {
             

             FrameTransformMatrix {
              0.940600,-0.092730,0.326607,0.000000,0.148443,0.977482,-0.149975,0.000000,-0.305345,0.189549,0.933186,0.000000,0.109279,-0.031761,-0.001289,1.000000;;
             }

             Frame Bip01_L_Finger11 {
              

              FrameTransformMatrix {
               0.878045,-0.062140,0.474527,0.000000,0.062140,0.997944,0.015701,0.000000,-0.474527,0.015701,0.880101,0.000000,0.036417,-0.000008,-0.000002,1.000000;;
              }

              Frame Bip01_L_Finger12 {
               

               FrameTransformMatrix {
                0.877267,-0.062324,0.475939,0.000000,0.062325,0.997931,0.015801,0.000000,-0.475939,0.015801,0.879336,0.000000,0.029456,0.000008,-0.000002,1.000000;;
               }
              }
             }
            }

            Frame Bip01_L_Finger2 {
             

             FrameTransformMatrix {
              0.940947,-0.097400,0.324241,0.000000,0.156594,0.974327,-0.161755,0.000000,-0.300162,0.202978,0.932042,0.000000,0.112138,-0.005554,-0.003094,1.000000;;
             }

             Frame Bip01_L_Finger21 {
              

              FrameTransformMatrix {
               0.695516,-0.094347,0.712289,0.000000,0.094347,0.994750,0.039635,0.000000,-0.712289,0.039635,0.700766,0.000000,0.036183,0.000000,-0.000000,1.000000;;
              }

              Frame Bip01_L_Finger22 {
               

               FrameTransformMatrix {
                0.719838,-0.091148,0.688132,0.000000,0.091148,0.995169,0.036470,0.000000,-0.688132,0.036470,0.724668,0.000000,0.033584,0.000000,0.000002,1.000000;;
               }
              }
             }
            }

            Frame Bip01_L_Finger4 {
             

             FrameTransformMatrix {
              0.993994,-0.064992,0.088042,0.000000,0.052907,0.989669,0.133251,0.000000,-0.095793,-0.127793,0.987164,0.000000,0.089969,0.040405,0.014387,1.000000;;
             }

             Frame Bip01_L_Finger41 {
              

              FrameTransformMatrix {
               0.620862,-0.108930,0.776315,0.000000,0.108930,0.992680,0.052172,0.000000,-0.776315,0.052172,0.628183,0.000000,0.029095,-0.000000,0.000000,1.000000;;
              }

              Frame Bip01_L_Finger42 {
               

               FrameTransformMatrix {
                0.848119,-0.073619,0.524667,0.000000,0.073619,0.997068,0.020900,0.000000,-0.524667,0.020900,0.851051,0.000000,0.030188,-0.000004,0.000000,1.000000;;
               }
              }
             }
            }

            Frame Bip01_L_Finger0 {
             

             FrameTransformMatrix {
              0.807464,-0.455433,0.374944,0.000000,0.551828,0.358453,-0.752992,0.000000,0.208538,0.814918,0.540758,0.000000,0.065165,-0.046860,0.008270,1.000000;;
             }

             Frame Bip01_L_Finger01 {
              

              FrameTransformMatrix {
               0.969828,0.070209,0.233464,0.000000,-0.070209,0.997498,-0.008321,0.000000,-0.233465,-0.008321,0.972330,0.000000,0.035114,-0.000000,0.000000,1.000000;;
              }

              Frame Bip01_L_Finger02 {
               

               FrameTransformMatrix {
                0.878109,0.144021,-0.456271,0.000000,-0.073079,0.982804,0.169577,0.000000,0.472847,-0.115564,0.873534,0.000000,0.028093,-0.000000,0.000000,1.000000;;
               }
              }
             }
            }

            Frame Bip01_L_Finger3 {
             

             FrameTransformMatrix {
              0.954785,-0.114170,0.274501,0.000000,0.123245,0.992247,-0.015984,0.000000,-0.270548,0.049093,0.961454,0.000000,0.110746,0.020348,0.005982,1.000000;;
             }

             Frame Bip01_L_Finger31 {
              

              FrameTransformMatrix {
               0.357303,-0.126849,0.925335,0.000000,0.126849,0.988145,0.086479,0.000000,-0.925335,0.086478,0.369158,0.000000,0.031014,-0.000008,-0.000002,1.000000;;
              }

              Frame Bip01_L_Finger32 {
               

               FrameTransformMatrix {
                0.819762,0.056986,0.569863,0.000000,-0.033384,0.998100,-0.051785,0.000000,-0.571731,0.023427,0.820107,0.000000,0.031015,0.000008,0.000002,1.000000;;
               }
              }
             }
            }
           }
          }
         }
        }

        Frame Bip01_R_Clavicle {
         

         FrameTransformMatrix {
          -0.409875,-0.906590,-0.100487,0.000000,-0.833708,0.327656,0.444492,0.000000,-0.370047,0.265963,-0.890129,0.000000,-0.011406,-0.064048,0.013367,1.000000;;
         }

         Frame Bip01_R_UpperArm {
          

          FrameTransformMatrix {
           0.565516,0.466718,-0.679976,0.000000,-0.043284,0.840134,0.540649,0.000000,0.823601,-0.276313,0.495310,0.000000,0.120550,0.000000,0.000000,1.000000;;
          }

          Frame Bip01_R_Forearm {
           

           FrameTransformMatrix {
            -0.525227,-0.254475,-0.812022,0.000000,-0.424604,0.905333,-0.009077,0.000000,0.737460,0.340020,-0.583557,0.000000,0.303546,-0.000000,0.000000,1.000000;;
           }

           Frame Bip01_R_Hand {
            

            FrameTransformMatrix {
             0.944927,-0.324207,0.044750,0.000000,0.095729,0.143040,-0.985077,0.000000,0.312968,0.935109,0.166198,0.000000,0.215225,0.000000,-0.000008,1.000000;;
            }

            Frame Bip01_R_Finger3 {
             

             FrameTransformMatrix {
              0.974448,-0.077069,0.210975,0.000000,0.121851,0.970445,-0.208300,0.000000,-0.188686,0.228686,0.955040,0.000000,0.110746,-0.020348,0.005983,1.000000;;
             }

             Frame Bip01_R_Finger31 {
              

              FrameTransformMatrix {
               -0.409309,0.141038,0.901429,0.000000,-0.141037,0.966325,-0.215232,0.000000,-0.901429,-0.215231,-0.375634,0.000000,0.031015,-0.000008,0.000000,1.000000;;
              }

              Frame Bip01_R_Finger32 {
               

               FrameTransformMatrix {
                0.193280,0.151664,0.969351,0.000000,-0.151664,0.980724,-0.123203,0.000000,-0.969351,-0.123203,0.212556,0.000000,0.031014,0.000015,0.000001,1.000000;;
               }
              }
             }
            }

            Frame Bip01_R_Finger4 {
             

             FrameTransformMatrix {
              0.990255,-0.076715,0.116235,0.000000,0.108126,0.949519,-0.294488,0.000000,-0.087776,0.304186,0.948560,0.000000,0.089972,-0.040405,0.014388,1.000000;;
             }

             Frame Bip01_R_Finger41 {
              

              FrameTransformMatrix {
               -0.072095,0.157300,0.984916,0.000000,-0.157301,0.973334,-0.166965,0.000000,-0.984916,-0.166965,-0.045429,0.000000,0.029095,0.000008,-0.000000,1.000000;;
              }

              Frame Bip01_R_Finger42 {
               

               FrameTransformMatrix {
                0.216381,0.153975,0.964090,0.000000,-0.153974,0.980509,-0.122039,0.000000,-0.964091,-0.122038,0.235872,0.000000,0.030187,0.000000,-0.000001,1.000000;;
               }
              }
             }
            }

            Frame Bip01_R_Finger2 {
             

             FrameTransformMatrix {
              0.987702,-0.153899,0.027558,0.000000,0.151963,0.986425,0.062235,0.000000,-0.036762,-0.057281,0.997681,0.000000,0.112141,0.005554,-0.003096,1.000000;;
             }

             Frame Bip01_R_Finger21 {
              

              FrameTransformMatrix {
               -0.226507,0.146186,0.962976,0.000000,-0.146187,0.972371,-0.181998,0.000000,-0.962976,-0.181999,-0.198879,0.000000,0.036186,-0.000000,-0.000000,1.000000;;
              }

              Frame Bip01_R_Finger22 {
               

               FrameTransformMatrix {
                0.320736,0.142158,0.936440,0.000000,-0.142158,0.984698,-0.100794,0.000000,-0.936440,-0.100794,0.336037,0.000000,0.033585,0.000000,0.000001,1.000000;;
               }
              }
             }
            }

            Frame Bip01_R_Finger0 {
             

             FrameTransformMatrix {
              0.833666,0.423734,0.354191,0.000000,-0.440602,0.123631,0.889149,0.000000,0.332973,-0.897310,0.289765,0.000000,0.065164,0.046867,0.008270,1.000000;;
             }

             Frame Bip01_R_Finger01 {
              

              FrameTransformMatrix {
               0.925980,-0.131050,0.354100,0.000000,0.141338,0.989956,-0.003224,0.000000,-0.350120,0.053033,0.935202,0.000000,0.035107,-0.000001,-0.000004,1.000000;;
              }

              Frame Bip01_R_Finger02 {
               

               FrameTransformMatrix {
                0.860529,-0.389249,0.328595,0.000000,0.405649,0.913806,0.020164,0.000000,-0.308121,0.115942,0.944256,0.000000,0.028088,0.000002,0.000000,1.000000;;
               }
              }
             }
            }

            Frame Bip01_R_Finger1 {
             

             FrameTransformMatrix {
              0.996114,-0.028648,0.083280,0.000000,0.028659,0.999589,0.001073,0.000000,-0.083276,0.001318,0.996526,0.000000,0.109282,0.031761,-0.001290,1.000000;;
             }

             Frame Bip01_R_Finger11 {
              

              FrameTransformMatrix {
               0.979656,0.029825,0.198457,0.000000,-0.029825,0.999551,-0.002989,0.000000,-0.198457,-0.002990,0.980105,0.000000,0.036417,-0.000004,0.000001,1.000000;;
              }

              Frame Bip01_R_Finger12 {
               

               FrameTransformMatrix {
                0.832465,0.082349,0.547925,0.000000,-0.082349,0.996300,-0.024623,0.000000,-0.547924,-0.024623,0.836165,0.000000,0.029457,-0.000000,-0.000000,1.000000;;
               }
              }
             }
            }
           }
          }
         }
        }

        Frame Bip01_Head {
         

         FrameTransformMatrix {
          0.963136,-0.061729,-0.261836,0.000000,0.050730,0.997531,-0.048567,0.000000,0.264188,0.033494,0.963890,0.000000,0.092565,0.000000,0.021026,1.000000;;
         }

         Frame eyeL {
          

          FrameTransformMatrix {
           -0.000000,1.000000,0.000000,0.000000,1.000000,0.000000,0.000002,0.000000,0.000002,0.000000,-1.000000,0.000000,0.100750,-0.027709,0.080177,1.000000;;
          }
         }

         Frame bone_slot2_headgear {
          

          FrameTransformMatrix {
           0.019708,0.033499,0.999244,0.000000,-0.061091,-0.997531,0.034647,0.000000,0.997938,-0.061727,-0.017613,0.000000,0.148706,0.000000,-0.036392,1.000000;;
          }

          Frame de_headgear_picklehaube_83 {
           

           FrameTransformMatrix {
            1.000000,0.000000,-0.000001,0.000000,0.000000,1.000001,-0.000002,0.000000,0.000001,0.000002,1.000000,0.000000,-0.006950,0.000002,0.013699,1.000000;;
           }

           Mesh de_headgear_picklehaube_83 {
            506;
            0.041735;0.096049;-0.017354;,
            0.001020;0.085550;-0.018618;,
            0.034972;0.093617;-0.005696;,
            0.004067;0.088512;-0.028448;,
            -0.025379;0.072642;-0.021925;,
            -0.022826;0.075525;-0.034323;,
            -0.053516;0.055539;-0.023813;,
            -0.051553;0.056778;-0.038044;,
            -0.066064;0.030724;-0.028898;,
            -0.066244;0.030079;-0.044053;,
            -0.073012;0.002386;-0.027839;,
            -0.072308;0.000913;-0.042989;,
            0.012904;0.097218;-0.037604;,
            -0.028451;0.082173;-0.058324;,
            -0.007212;0.094756;-0.046226;,
            -0.061863;0.060499;-0.079104;,
            -0.080305;0.032042;-0.087466;,
            -0.086224;-0.000076;-0.089588;,
            -0.054201;0.056298;-0.002144;,
            -0.029889;0.074041;0.002012;,
            -0.056843;0.046578;0.029205;,
            -0.035349;0.063661;0.033556;,
            -0.003006;0.084271;0.005378;,
            -0.006228;0.077568;0.043051;,
            0.027934;0.089361;0.015264;,
            0.022150;0.081079;0.051283;,
            -0.067363;0.026707;0.027072;,
            -0.066693;0.032397;-0.006535;,
            -0.071813;-0.001020;0.025748;,
            -0.074865;-0.000336;-0.007409;,
            -0.002681;0.056828;0.063237;,
            0.020162;0.059665;0.072288;,
            -0.026378;0.048956;0.057692;,
            -0.044555;0.035484;0.052942;,
            -0.052872;0.018685;0.049880;,
            -0.055839;-0.000076;0.048851;,
            -0.068966;-0.030601;-0.025636;,
            -0.067148;-0.029028;-0.040342;,
            -0.049125;-0.054608;-0.037270;,
            -0.051143;-0.056276;-0.023089;,
            -0.025639;-0.076701;-0.031136;,
            -0.027936;-0.075347;-0.019477;,
            0.004377;-0.089184;-0.022534;,
            0.000960;-0.086392;-0.012799;,
            0.041755;-0.096681;-0.012164;,
            0.035162;-0.095203;-0.000686;,
            0.013358;-0.097236;-0.032644;,
            -0.028511;-0.081906;-0.058519;,
            -0.006922;-0.094564;-0.043274;,
            -0.061898;-0.060432;-0.079758;,
            -0.080300;-0.032120;-0.087456;,
            0.044917;-0.096816;-0.024367;,
            0.028214;-0.090652;0.020059;,
            -0.002506;-0.084034;0.009699;,
            -0.002616;-0.076971;0.044045;,
            0.026206;-0.080602;0.052642;,
            -0.027262;-0.067795;0.036853;,
            -0.031892;-0.075962;0.002481;,
            -0.048471;-0.051186;0.030199;,
            -0.052707;-0.060377;-0.002938;,
            -0.064041;-0.028898;0.026902;,
            -0.068172;-0.031436;-0.007019;,
            0.005781;-0.058254;0.068192;,
            0.029348;-0.060362;0.072033;,
            -0.020683;-0.051855;0.058027;,
            -0.040934;-0.038389;0.049925;,
            -0.052572;-0.018903;0.049096;,
            0.019462;-0.047675;0.077038;,
            0.003883;-0.045527;0.072802;,
            0.012609;-0.033189;0.077158;,
            0.004707;-0.031376;0.073761;,
            -0.009579;-0.026425;0.069236;,
            -0.018321;-0.040776;0.062982;,
            -0.022282;-0.019003;0.065889;,
            -0.031648;-0.029702;0.057307;,
            -0.029415;-0.009997;0.064865;,
            -0.044330;-0.014452;0.057213;,
            -0.030798;-0.000076;0.065729;,
            -0.046818;-0.000076;0.058027;,
            -0.043921;0.014250;0.059890;,
            -0.028241;0.009814;0.067263;,
            -0.035834;0.027052;0.063596;,
            -0.022207;0.018690;0.069251;,
            -0.022746;0.037102;0.066518;,
            -0.012411;0.025698;0.072562;,
            -0.001867;0.043501;0.072313;,
            -0.000493;0.030184;0.076059;,
            0.011775;0.032906;0.079221;,
            0.016011;0.045694;0.075465;,
            0.011305;0.021398;0.081194;,
            0.003483;0.019230;0.078247;,
            -0.003985;0.016368;0.075570;,
            -0.010104;0.011892;0.072902;,
            -0.013895;0.006223;0.071419;,
            -0.015109;-0.000091;0.070924;,
            -0.014260;-0.006430;0.071444;,
            -0.010413;-0.012144;0.072557;,
            -0.003510;-0.016805;0.074710;,
            0.004432;-0.019862;0.076913;,
            0.008593;-0.020821;0.079661;,
            0.001640;-0.020871;0.085530;,
            0.008498;-0.021950;0.087653;,
            -0.000049;-0.021980;0.090170;,
            0.007164;-0.023114;0.092328;,
            -0.006927;-0.018628;0.088017;,
            -0.005109;-0.017659;0.083492;,
            -0.012706;-0.013548;0.086868;,
            -0.010733;-0.012809;0.082328;,
            -0.016323;-0.007159;0.086789;,
            -0.014195;-0.006770;0.082038;,
            -0.017511;-0.000076;0.087033;,
            -0.015234;-0.000076;0.081878;,
            -0.016408;0.007007;0.088127;,
            -0.014200;0.006617;0.082688;,
            -0.012651;0.013396;0.089691;,
            -0.010603;0.012656;0.084146;,
            -0.007032;0.018466;0.091674;,
            -0.005144;0.017447;0.086279;,
            -0.000323;0.021722;0.093447;,
            0.001275;0.020524;0.088177;,
            0.006940;0.022841;0.095180;,
            0.008198;0.021587;0.089721;,
            -0.016592;-0.007064;0.092982;,
            -0.017766;-0.000191;0.093467;,
            -0.016707;0.006677;0.094651;,
            -0.013256;0.012881;0.096204;,
            -0.008041;0.017821;0.097933;,
            -0.001602;0.021023;0.099616;,
            0.005391;0.022142;0.101529;,
            -0.015813;-0.006310;0.118667;,
            -0.013985;-0.009932;0.118972;,
            -0.013131;-0.013273;0.093197;,
            -0.007766;-0.018213;0.094406;,
            -0.004769;-0.021755;0.101104;,
            0.002094;-0.022844;0.102963;,
            -0.003575;-0.015321;0.121594;,
            -0.007551;-0.014667;0.120555;,
            -0.011138;-0.012809;0.119626;,
            -0.007556;0.009939;0.121669;,
            -0.003580;0.010548;0.122723;,
            -0.011677;-0.011395;0.148188;,
            -0.014150;-0.010966;0.147564;,
            -0.015144;-0.007009;0.151070;,
            -0.011318;-0.007674;0.152039;,
            -0.016383;-0.009792;0.147049;,
            -0.018156;-0.007993;0.146700;,
            -0.016902;-0.003533;0.150831;,
            -0.019290;-0.005751;0.146540;,
            -0.019679;-0.003273;0.146595;,
            -0.019285;-0.000806;0.146855;,
            -0.015134;-0.000116;0.151510;,
            -0.018141;0.001407;0.147299;,
            -0.016363;0.003146;0.147874;,
            -0.014130;0.004250;0.148528;,
            -0.011303;0.000428;0.152554;,
            -0.011652;0.004599;0.149202;,
            -0.016443;-0.002309;0.118722;,
            -0.015813;0.001687;0.119117;,
            -0.013990;0.005278;0.119781;,
            -0.011148;0.008126;0.120660;,
            0.136203;-0.000011;0.033356;,
            0.133950;0.031278;0.016283;,
            0.130658;0.030694;0.031128;,
            0.142022;-0.000076;0.019230;,
            0.115098;0.058821;0.011323;,
            0.112950;0.057612;0.026428;,
            0.090503;0.078037;0.006153;,
            0.086067;0.077248;0.017671;,
            0.070462;0.090775;-0.003138;,
            0.064468;0.090725;0.009419;,
            0.138960;0.031533;0.011937;,
            0.147007;-0.000076;0.014549;,
            0.119774;0.059325;0.007197;,
            0.095238;0.078956;0.003076;,
            0.099499;0.079411;-0.004332;,
            0.078050;0.091459;-0.011270;,
            0.091287;0.088757;-0.021600;,
            0.124259;0.073457;-0.022804;,
            0.123535;0.059760;-0.001775;,
            0.155324;0.053701;-0.023678;,
            0.143046;0.031768;0.002077;,
            0.167882;0.028461;-0.022734;,
            0.150379;-0.000076;0.004115;,
            0.173391;-0.000061;-0.022294;,
            0.071221;0.094591;-0.021360;,
            0.041735;0.096049;-0.017354;,
            0.044658;0.097648;-0.028324;,
            0.034972;0.093617;-0.005696;,
            0.056831;0.085570;0.029615;,
            0.027934;0.089361;0.015264;,
            0.022150;0.081079;0.051283;,
            0.050402;0.077393;0.060404;,
            0.084039;0.077832;0.039235;,
            0.073904;0.066788;0.064550;,
            0.112001;0.055569;0.046453;,
            0.089289;0.048521;0.071199;,
            0.127471;0.030159;0.051908;,
            0.097406;0.028621;0.078362;,
            0.130658;0.000453;0.054365;,
            0.101322;0.000873;0.078447;,
            0.076002;0.018695;0.084731;,
            0.079324;-0.000076;0.086449;,
            0.068055;0.035434;0.081993;,
            0.057595;0.048536;0.079046;,
            0.041076;0.056833;0.075020;,
            0.020162;0.059665;0.072288;,
            0.101082;-0.026955;0.078991;,
            0.124319;-0.029847;0.054201;,
            0.089059;-0.051671;0.074845;,
            0.104094;-0.056031;0.048266;,
            0.073210;-0.067380;0.066219;,
            0.083150;-0.076951;0.040074;,
            0.052775;-0.077106;0.061378;,
            0.057265;-0.088754;0.031093;,
            0.026206;-0.080602;0.052642;,
            0.028214;-0.090652;0.020059;,
            0.035162;-0.095203;-0.000686;,
            0.064903;-0.089229;0.011742;,
            0.071666;-0.035751;0.083277;,
            0.078699;-0.018913;0.086414;,
            0.058324;-0.049368;0.078971;,
            0.045866;-0.058264;0.074960;,
            0.029348;-0.060362;0.072033;,
            0.089214;-0.073205;0.020139;,
            0.071541;-0.089169;0.000308;,
            0.096342;-0.073654;0.010084;,
            0.109649;-0.057515;0.026628;,
            0.116627;-0.058899;0.015633;,
            0.127881;-0.030846;0.031028;,
            0.133465;-0.031455;0.016168;,
            0.138850;-0.031700;0.011922;,
            0.121947;-0.059538;0.012377;,
            0.101307;-0.074968;0.007302;,
            0.105812;-0.076741;0.000089;,
            0.080632;-0.090348;-0.007679;,
            0.096437;-0.087196;-0.018218;,
            0.135134;-0.073414;-0.021875;,
            0.126492;-0.059923;0.004080;,
            0.156043;-0.053714;-0.023393;,
            0.143041;-0.031915;0.002077;,
            0.167897;-0.028538;-0.022729;,
            0.071586;-0.093684;-0.018089;,
            0.041755;-0.096681;-0.012164;,
            0.044917;-0.096816;-0.024367;,
            0.168821;-0.028538;-0.024632;,
            0.174255;-0.000061;-0.024198;,
            0.168851;-0.028533;-0.026680;,
            0.174195;-0.000061;-0.025971;,
            0.168836;0.028461;-0.026690;,
            0.168806;0.028461;-0.024637;,
            0.155818;0.053706;-0.026895;,
            0.156073;0.053711;-0.025531;,
            0.122686;0.071913;-0.024337;,
            0.124364;0.072987;-0.023878;,
            0.091861;0.087623;-0.022484;,
            0.091532;0.085430;-0.022994;,
            0.070727;0.091894;-0.023308;,
            0.070812;0.093927;-0.022694;,
            0.044772;0.094676;-0.029812;,
            0.044837;0.096734;-0.029427;,
            0.072715;0.091839;-0.026760;,
            0.093679;0.085135;-0.025976;,
            0.046621;0.094756;-0.033089;,
            0.072540;0.088372;-0.026830;,
            0.093140;0.081344;-0.025696;,
            0.046516;0.091149;-0.032944;,
            0.118715;0.071798;-0.025596;,
            0.113835;0.068746;-0.025386;,
            0.151727;0.053636;-0.028553;,
            0.167627;0.028451;-0.028418;,
            0.172507;-0.000061;-0.027709;,
            0.167642;-0.028523;-0.028408;,
            0.152552;-0.053629;-0.028224;,
            0.156473;-0.053709;-0.026635;,
            0.156713;-0.053719;-0.025277;,
            0.133515;-0.071856;-0.023808;,
            0.135234;-0.072935;-0.023069;,
            0.097161;-0.086157;-0.019113;,
            0.097056;-0.083979;-0.019462;,
            0.071097;-0.091062;-0.020082;,
            0.071152;-0.093050;-0.019462;,
            0.045087;-0.093689;-0.026380;,
            0.045137;-0.095797;-0.025771;,
            0.073185;-0.091017;-0.023548;,
            0.099094;-0.083859;-0.022839;,
            0.047025;-0.093585;-0.030082;,
            0.073055;-0.087605;-0.023503;,
            0.099104;-0.080073;-0.022409;,
            0.046920;-0.089998;-0.030122;,
            0.129989;-0.071726;-0.025257;,
            0.148870;-0.051416;-0.027779;,
            0.163851;-0.027354;-0.028004;,
            0.168726;-0.000061;-0.027305;,
            0.163836;0.027282;-0.028014;,
            0.147906;0.051423;-0.028164;,
            0.125248;-0.068674;-0.024847;,
            0.047735;-0.000076;0.086863;,
            0.057935;0.014255;0.087823;,
            0.045372;0.009814;0.086808;,
            0.060667;-0.000076;0.088072;,
            0.053579;0.027067;0.083737;,
            0.040367;0.018695;0.086044;,
            0.044887;0.037117;0.080565;,
            0.032869;0.025703;0.083332;,
            0.032080;0.043511;0.078437;,
            0.023358;0.030184;0.081619;,
            0.016011;0.045694;0.075465;,
            0.011775;0.032906;0.079221;,
            0.059343;-0.014457;0.087463;,
            0.045761;-0.010002;0.085650;,
            0.055687;-0.027394;0.085110;,
            0.040641;-0.019033;0.083327;,
            0.043853;-0.038349;0.081459;,
            0.033998;-0.026505;0.081264;,
            0.033913;-0.045382;0.080914;,
            0.025961;-0.031286;0.079451;,
            0.019462;-0.047675;0.077038;,
            0.012609;-0.033189;0.077158;,
            0.025471;0.016368;0.084316;,
            0.030646;0.011892;0.085580;,
            0.034083;0.006223;0.085864;,
            0.035502;-0.000091;0.086249;,
            0.034013;-0.006430;0.086389;,
            0.030621;-0.012124;0.085415;,
            0.025541;-0.016695;0.083352;,
            0.019302;-0.019727;0.081184;,
            0.008593;-0.020821;0.079661;,
            0.029817;-0.000076;0.095420;,
            0.028733;0.006617;0.095330;,
            0.029742;-0.000076;0.101114;,
            0.028598;-0.007159;0.100435;,
            0.028688;-0.006770;0.095155;,
            0.025391;-0.013548;0.098892;,
            0.025651;-0.012809;0.093797;,
            0.020436;-0.018618;0.096854;,
            0.020991;-0.017599;0.091824;,
            0.014147;-0.021900;0.094541;,
            0.015062;-0.020771;0.089676;,
            0.007164;-0.023114;0.092328;,
            0.008498;-0.021950;0.087653;,
            0.028603;0.007007;0.101094;,
            0.025656;0.012656;0.094711;,
            0.025356;0.013396;0.100420;,
            0.020911;0.017447;0.093622;,
            0.020326;0.018466;0.099226;,
            0.014932;0.020524;0.091924;,
            0.013998;0.021722;0.097488;,
            0.008198;0.021587;0.089721;,
            0.006940;0.022841;0.095180;,
            0.012384;-0.021380;0.100490;,
            0.018528;-0.018208;0.102698;,
            0.002094;-0.022844;0.102963;,
            0.012249;0.021068;0.103407;,
            0.005391;0.022142;0.101529;,
            0.018428;0.017916;0.104986;,
            0.023338;0.012986;0.106184;,
            0.026510;0.006767;0.106839;,
            0.027619;-0.000131;0.106814;,
            0.026530;-0.007034;0.106055;,
            0.023398;-0.013263;0.104631;,
            0.008653;-0.006455;0.125416;,
            0.009292;-0.002459;0.125750;,
            0.006820;-0.010046;0.124751;,
            0.003977;-0.012894;0.123817;,
            0.000396;-0.014712;0.122723;,
            -0.003575;-0.015321;0.121594;,
            0.008673;0.001542;0.125720;,
            -0.004050;-0.005990;0.150531;,
            -0.003655;-0.003528;0.150791;,
            -0.009180;-0.006160;0.152694;,
            -0.008565;-0.002349;0.153098;,
            -0.005194;-0.008203;0.150091;,
            -0.011318;-0.007674;0.152039;,
            -0.006967;-0.009942;0.149517;,
            -0.009200;-0.011045;0.148863;,
            -0.011677;-0.011395;0.148188;,
            -0.004040;-0.001050;0.150851;,
            -0.005169;0.001197;0.150696;,
            -0.006942;0.002996;0.150341;,
            -0.011303;0.000428;0.152554;,
            -0.009175;0.004170;0.149827;,
            -0.011652;0.004599;0.149202;,
            -0.015134;-0.000116;0.151510;,
            -0.015144;-0.007009;0.151070;,
            -0.016902;-0.003533;0.150831;,
            -0.003580;0.010548;0.122723;,
            0.000396;0.009894;0.123747;,
            0.003987;0.008036;0.124641;,
            0.006835;0.005154;0.125321;,
            0.044658;0.097648;-0.028324;,
            0.044837;0.096734;-0.029427;,
            0.012619;0.096579;-0.038628;,
            0.044772;0.094676;-0.029812;,
            0.012629;0.095905;-0.038963;,
            0.013978;0.096219;-0.041940;,
            0.046621;0.094756;-0.033089;,
            0.013828;0.092558;-0.041980;,
            0.046516;0.091149;-0.032944;,
            -0.006677;0.092962;-0.047365;,
            -0.007042;0.093986;-0.047165;,
            -0.027452;0.082178;-0.062155;,
            -0.028231;0.082168;-0.060402;,
            -0.058771;0.060484;-0.081456;,
            -0.060954;0.060504;-0.080747;,
            -0.076803;0.032042;-0.090123;,
            -0.079416;0.032047;-0.089174;,
            -0.082698;-0.000076;-0.092251;,
            -0.085345;-0.000076;-0.091292;,
            -0.027152;0.082228;-0.064558;,
            -0.004939;0.094001;-0.051870;,
            -0.059660;0.060514;-0.082900;,
            -0.024475;0.082198;-0.065472;,
            -0.004245;0.090600;-0.051316;,
            -0.055619;0.060469;-0.083035;,
            -0.072358;0.032027;-0.090508;,
            -0.078197;-0.000076;-0.092650;,
            -0.079416;-0.032120;-0.089164;,
            -0.076803;-0.032110;-0.090118;,
            -0.060979;-0.060432;-0.081396;,
            -0.058796;-0.060407;-0.082116;,
            -0.028261;-0.081926;-0.060487;,
            -0.027452;-0.081936;-0.062145;,
            -0.006932;-0.093779;-0.044338;,
            -0.006642;-0.092740;-0.044583;,
            -0.027137;-0.081971;-0.064493;,
            -0.004914;-0.093729;-0.049258;,
            -0.059655;-0.060427;-0.082875;,
            -0.024460;-0.081926;-0.065407;,
            -0.004374;-0.090338;-0.048863;,
            -0.055614;-0.060367;-0.083000;,
            -0.072363;-0.032090;-0.090513;,
            0.013059;-0.096582;-0.033718;,
            0.013064;-0.095892;-0.034043;,
            0.014387;-0.096137;-0.037185;,
            0.045087;-0.093689;-0.026380;,
            0.047025;-0.093585;-0.030082;,
            0.014257;-0.092476;-0.037200;,
            0.046920;-0.089998;-0.030122;,
            0.045137;-0.095797;-0.025771;,
            0.018893;0.019230;0.082608;,
            0.011305;0.021398;0.081194;,
            -0.004245;0.090600;-0.051316;,
            -0.023131;0.080600;-0.061611;,
            -0.024475;0.082198;-0.065472;,
            -0.003715;0.088832;-0.049303;,
            -0.053706;0.059286;-0.077620;,
            -0.055619;0.060469;-0.083035;,
            0.013828;0.092558;-0.041980;,
            -0.070025;0.031398;-0.085333;,
            -0.072358;0.032027;-0.090508;,
            -0.053706;0.059286;-0.077620;,
            -0.075729;-0.000076;-0.087361;,
            -0.078197;-0.000076;-0.092650;,
            -0.072363;-0.032090;-0.090513;,
            -0.070035;-0.031460;-0.085343;,
            -0.055614;-0.060367;-0.083000;,
            -0.053551;-0.059188;-0.078120;,
            -0.024460;-0.081926;-0.065407;,
            -0.023171;-0.080323;-0.061706;,
            -0.004374;-0.090338;-0.048863;,
            -0.070035;-0.031460;-0.085343;,
            -0.024630;-0.040202;-0.030961;,
            -0.006367;-0.054738;-0.027280;,
            0.036610;0.000024;0.017871;,
            0.012304;-0.060612;-0.018873;,
            -0.036808;-0.021400;-0.033598;,
            -0.040739;0.000159;-0.034368;,
            -0.036093;0.021632;-0.034607;,
            -0.024420;0.040224;-0.030796;,
            -0.006273;0.054885;-0.027449;,
            0.012040;0.060734;-0.019657;,
            0.039662;0.061014;-0.006170;,
            0.046516;0.091149;-0.032944;,
            0.072540;0.088372;-0.026830;,
            0.056851;0.060369;-0.002254;,
            0.093140;0.081344;-0.025696;,
            0.013828;0.092558;-0.041980;,
            -0.003715;0.088832;-0.049303;,
            0.113835;0.068746;-0.025386;,
            0.092785;0.051828;-0.001245;,
            0.147906;0.051423;-0.028164;,
            0.112491;0.038896;0.000598;,
            0.163836;0.027282;-0.028014;,
