xof 0303txt 0032
template ColorRGBA {
 <35ff44e0-6c7c-11cf-8f52-0040333594a3>
 FLOAT red;
 FLOAT green;
 FLOAT blue;
 FLOAT alpha;
}

template ColorRGB {
 <d3e16e81-7835-11cf-8f52-0040333594a3>
 FLOAT red;
 FLOAT green;
 FLOAT blue;
}

template Material {
 <3d82ab4d-62da-11cf-ab39-0020af71e433>
 ColorRGBA faceColor;
 FLOAT power;
 ColorRGB specularColor;
 ColorRGB emissiveColor;
 [...]
}

template TextureFilename {
 <a42790e1-7810-11cf-8f52-0040333594a3>
 STRING filename;
}

template Frame {
 <3d82ab46-62da-11cf-ab39-0020af71e433>
 [...]
}

template Matrix4x4 {
 <f6f23f45-7686-11cf-8f52-0040333594a3>
 array FLOAT matrix[16];
}

template FrameTransformMatrix {
 <f6f23f41-7686-11cf-8f52-0040333594a3>
 Matrix4x4 frameMatrix;
}

template Vector {
 <3d82ab5e-62da-11cf-ab39-0020af71e433>
 FLOAT x;
 FLOAT y;
 FLOAT z;
}

template MeshFace {
 <3d82ab5f-62da-11cf-ab39-0020af71e433>
 DWORD nFaceVertexIndices;
 array DWORD faceVertexIndices[nFaceVertexIndices];
}

template Mesh {
 <3d82ab44-62da-11cf-ab39-0020af71e433>
 DWORD nVertices;
 array Vector vertices[nVertices];
 DWORD nFaces;
 array MeshFace faces[nFaces];
 [...]
}

template MeshMaterialList {
 <f6f23f42-7686-11cf-8f52-0040333594a3>
 DWORD nMaterials;
 DWORD nFaceIndexes;
 array DWORD faceIndexes[nFaceIndexes];
 [Material <3d82ab4d-62da-11cf-ab39-0020af71e433>]
}

template VertexElement {
 <f752461c-1e23-48f6-b9f8-8350850f336f>
 DWORD Type;
 DWORD Method;
 DWORD Usage;
 DWORD UsageIndex;
}

template DeclData {
 <bf22e553-292c-4781-9fea-62bd554bdd93>
 DWORD nElements;
 array VertexElement Elements[nElements];
 DWORD nDWords;
 array DWORD data[nDWords];
}

template XSkinMeshHeader {
 <3cf169ce-ff7c-44ab-93c0-f78f62d172e2>
 WORD nMaxSkinWeightsPerVertex;
 WORD nMaxSkinWeightsPerFace;
 WORD nBones;
}

template SkinWeights {
 <6f0d123b-bad2-4167-a0d0-80224f25fabb>
 STRING transformNodeName;
 DWORD nWeights;
 array DWORD vertexIndices[nWeights];
 array FLOAT weights[nWeights];
 Matrix4x4 matrixOffset;
}

template AnimTicksPerSecond {
 <9e415a43-7ba6-4a73-8743-b73d47e88476>
 DWORD AnimTicksPerSecond;
}

template Animation {
 <3d82ab4f-62da-11cf-ab39-0020af71e433>
 [...]
}

template AnimationSet {
 <3d82ab50-62da-11cf-ab39-0020af71e433>
 [Animation <3d82ab4f-62da-11cf-ab39-0020af71e433>]
}

template FloatKeys {
 <10dd46a9-775b-11cf-8f52-0040333594a3>
 DWORD nValues;
 array FLOAT values[nValues];
}

template TimedFloatKeys {
 <f406b180-7b3b-11cf-8f52-0040333594a3>
 DWORD time;
 FloatKeys tfkeys;
}

template AnimationKey {
 <10dd46a8-775b-11cf-8f52-0040333594a3>
 DWORD keyType;
 DWORD nKeys;
 array TimedFloatKeys keys[nKeys];
}


Material de_headgear_picklehaube {
 1.000000;1.000000;1.000000;1.000000;;
 0.999999;
 0.020000;0.020000;0.020000;;
 0.000000;0.000000;0.000000;;

 TextureFilename {
  "de_headgear_picklehaube_DiffuseColor.bmp";
 }
}

Material Material__30 {
 0.588000;0.588000;0.588000;1.000000;;
 0.000000;
 0.000000;0.000000;0.000000;;
 0.000000;0.000000;0.000000;;

 TextureFilename {
  "Material__30_DiffuseColor.bmp";
 }
}

Material Material__25 {
 0.588000;0.588000;0.588000;1.000000;;
 0.000000;
 0.000000;0.000000;0.000000;;
 0.000000;0.000000;0.000000;;

 TextureFilename {
  "Material__25_DiffuseColor.bmp";
 }
}

Material Material__28 {
 0.588000;0.588000;0.588000;1.000000;;
 0.000000;
 0.000000;0.000000;0.000000;;
 0.000000;0.000000;0.000000;;

 TextureFilename {
  "Material__28_DiffuseColor.bmp";
 }
}

Material Material__27 {
 0.588000;0.588000;0.588000;1.000000;;
 0.000000;
 0.000000;0.000000;0.000000;;
 0.000000;0.000000;0.000000;;

 TextureFilename {
  "Material__27_DiffuseColor.bmp";
 }
}

Material Material__25_1 {
 0.588000;0.588000;0.588000;1.000000;;
 0.000000;
 0.000000;0.000000;0.000000;;
 0.000000;0.000000;0.000000;;

 TextureFilename {
  "Material__25_DiffuseColor.bmp";
 }
}

Material Mat_weapon_repeating_kar98az_3p_LOD1 {
 1.000000;1.000000;1.000000;1.000000;;
 0.000000;
 0.020000;0.020000;0.020000;;
 0.000000;0.000000;0.000000;;

 TextureFilename {
  "weapon_repeating_kar98az_3p_clr.png";
 }
}

Frame mixamorig_Hips {
 

 FrameTransformMatrix {
  97.846560,-3.165656,-20.396848,0.000000,-20.595035,-21.567173,-95.449990,0.000000,-1.377405,97.595277,-21.754709,0.000000,0.000000,234.269005,0.000000,1.000000;;
 }

 Frame mixamorig_Spine {
  

  FrameTransformMatrix {
   0.997113,0.074645,0.013906,0.000000,-0.072061,0.988019,-0.136478,0.000000,-0.023926,0.135082,0.990546,0.000000,0.000000,-0.006416,0.193763,1.000000;;
  }

  Frame mixamorig_Spine1 {
   

   FrameTransformMatrix {
    0.999735,0.021524,-0.008195,0.000000,-0.022033,0.997433,-0.068134,0.000000,0.006708,0.068297,0.997642,0.000000,0.000000,-0.000000,0.226181,1.000000;;
   }

   Frame mixamorig_Spine2 {
    

    FrameTransformMatrix {
     0.999723,0.021939,-0.008479,0.000000,-0.022465,0.997439,-0.067902,0.000000,0.006968,0.068073,0.997656,0.000000,0.000000,0.000000,0.258492,1.000000;;
    }

    Frame mixamorig_Neck {
     

     FrameTransformMatrix {
      0.997080,-0.074188,0.018088,0.000000,0.075162,0.995306,-0.060956,0.000000,-0.013481,0.062138,0.997977,0.000000,0.000000,0.000000,0.290804,1.000000;;
     }

     Frame mixamorig_Head {
      

      FrameTransformMatrix {
       0.919679,-0.337258,0.201115,0.000000,0.310109,0.938001,0.154875,0.000000,-0.240879,-0.080068,0.967247,0.000000,0.000000,0.101033,0.281543,1.000000;;
      }
     }
    }

    Frame mixamorig_LeftShoulder {
     

     FrameTransformMatrix {
      0.155208,-0.987544,0.025832,0.000000,-0.075089,-0.037866,-0.996458,0.000000,0.985024,0.152718,-0.080031,0.000000,0.160504,-0.006263,0.213097,1.000000;;
     }

     Frame mixamorig_LeftArm {
      

      FrameTransformMatrix {
       -0.046748,0.725036,0.687122,0.000000,-0.417299,0.610800,-0.672893,0.000000,-0.907566,-0.318192,0.274003,0.000000,-0.000000,0.000000,0.334958,1.000000;;
      }

      Frame mixamorig_LeftForeArm {
       

       FrameTransformMatrix {
        0.868080,-0.000682,0.496423,0.000000,0.013559,0.999659,-0.022338,0.000000,-0.496239,0.026123,0.867793,0.000000,0.000000,0.000000,0.587138,1.000000;;
       }

       Frame mixamorig_LeftHand {
        

        FrameTransformMatrix {
         -0.652360,0.700318,-0.289795,0.000000,-0.757818,-0.608660,0.235044,0.000000,-0.011781,0.372946,0.927779,0.000000,0.000000,0.000000,0.713478,1.000000;;
        }

        Frame mixamorig_LeftHandThumb1 {
         

         FrameTransformMatrix {
          0.858285,-0.063616,0.509216,0.000000,0.268511,0.901285,-0.339981,0.000000,-0.437321,0.428530,0.790641,0.000000,-0.081559,0.032606,0.114366,1.000000;;
         }

         Frame mixamorig_LeftHandThumb2 {
          

          FrameTransformMatrix {
           0.941754,-0.324225,-0.089318,0.000000,0.321334,0.945875,-0.045437,0.000000,0.099215,0.014089,0.994966,0.000000,-0.009471,-0.000000,0.114973,1.000000;;
          }

          Frame mixamorig_LeftHandThumb3 {
           

           FrameTransformMatrix {
            0.915051,-0.039668,0.401384,0.000000,0.015384,0.997860,0.063547,0.000000,-0.403046,-0.051974,0.913703,0.000000,-0.006397,0.000000,0.106639,1.000000;;
           }
          }
         }
        }

        Frame mixamorig_LeftHandIndex1 {
         

         FrameTransformMatrix {
          0.997783,0.028676,0.060065,0.000000,0.016915,0.763553,-0.645523,0.000000,-0.064374,0.645108,0.761375,0.000000,-0.090081,0.004735,0.290562,1.000000;;
         }

         Frame mixamorig_LeftHandIndex2 {
          

          FrameTransformMatrix {
           0.993591,-0.056010,-0.098185,0.000000,-0.057003,0.501800,-0.863103,0.000000,0.097612,0.863168,0.495391,0.000000,-0.000057,0.000000,0.081056,1.000000;;
          }

          Frame mixamorig_LeftHandIndex3 {
           

           FrameTransformMatrix {
            0.998611,-0.010636,-0.051613,0.000000,-0.011386,0.912740,-0.408381,0.000000,0.051452,0.408402,0.911351,0.000000,0.000185,0.000000,0.077440,1.000000;;
           }
          }
         }
        }

        Frame mixamorig_LeftHandMiddle1 {
         

         FrameTransformMatrix {
          0.999747,-0.021243,0.007363,0.000000,0.018741,0.606496,-0.794866,0.000000,0.012420,0.794803,0.606741,0.000000,-0.030483,0.001604,0.282714,1.000000;;
         }

         Frame mixamorig_LeftHandMiddle2 {
          

          FrameTransformMatrix {
           0.994101,-0.057789,-0.091778,0.000000,-0.058554,0.426327,-0.902672,0.000000,0.091292,0.902721,0.420428,0.000000,-0.000243,0.000000,0.087563,1.000000;;
          }

          Frame mixamorig_LeftHandMiddle3 {
           

           FrameTransformMatrix {
            0.999298,-0.005308,-0.037095,0.000000,-0.006301,0.952026,-0.305954,0.000000,0.036939,0.305973,0.951324,0.000000,0.000323,0.000000,0.089268,1.000000;;
           }
          }
         }
        }

        Frame mixamorig_LeftHandRing1 {
         

         FrameTransformMatrix {
          0.999967,-0.006280,-0.005169,0.000000,-0.001519,0.480173,-0.877173,0.000000,0.007991,0.877151,0.480148,0.000000,0.032649,-0.007567,0.271648,1.000000;;
         }

         Frame mixamorig_LeftHandRing2 {
          

          FrameTransformMatrix {
           0.990207,-0.083873,-0.111606,0.000000,-0.087099,0.253620,-0.963374,0.000000,0.109106,0.963661,0.243831,0.000000,0.000024,0.000000,0.086408,1.000000;;
          }

          Frame mixamorig_LeftHandRing3 {
           

           FrameTransformMatrix {
            0.998225,-0.013466,-0.058012,0.000000,-0.013023,0.901169,-0.433272,0.000000,0.058113,0.433259,0.899394,0.000000,0.000316,0.000000,0.082598,1.000000;;
           }
          }
         }
        }

        Frame mixamorig_LeftHandPinky1 {
         

         FrameTransformMatrix {
          0.998098,-0.034656,-0.050978,0.000000,-0.030948,0.433489,-0.900627,0.000000,0.053310,0.900492,0.431592,0.000000,0.087914,0.005070,0.232088,1.000000;;
         }

         Frame mixamorig_LeftHandPinky2 {
          

          FrameTransformMatrix {
           0.985151,-0.102908,-0.137436,0.000000,-0.106946,0.258424,-0.960093,0.000000,0.134319,0.960535,0.243581,0.000000,0.000128,0.000000,0.079614,1.000000;;
          }

          Frame mixamorig_LeftHandPinky3 {
           

           FrameTransformMatrix {
            0.994826,-0.034409,-0.095586,0.000000,-0.032729,0.782176,-0.622198,0.000000,0.096175,0.622107,0.777003,0.000000,0.000186,0.000000,0.065832,1.000000;;
           }
          }
         }
        }
       }
      }
     }
    }

    Frame mixamorig_RightShoulder {
     

     FrameTransformMatrix {
      0.099081,0.994982,-0.013892,0.000000,0.323105,-0.045373,-0.945275,0.000000,-0.941162,0.089171,-0.325979,0.000000,-0.160504,0.001108,0.212852,1.000000;;
     }

     Frame mixamorig_RightArm {
      

      FrameTransformMatrix {
       0.434547,-0.519772,-0.735531,0.000000,-0.201665,0.739779,-0.641917,0.000000,0.877781,0.427274,0.216649,0.000000,0.000000,0.000000,0.334958,1.000000;;
      }

      Frame mixamorig_RightForeArm {
       

       FrameTransformMatrix {
        -0.287926,-0.022561,-0.957387,0.000000,-0.027641,0.999502,-0.015240,0.000000,0.957254,0.022075,-0.288406,0.000000,-0.000000,0.000000,0.586587,1.000000;;
       }

       Frame mixamorig_RightHand {
        

        FrameTransformMatrix {
         0.690218,-0.393954,0.606959,0.000000,0.158915,0.900852,0.403995,0.000000,-0.705936,-0.182390,0.684390,0.000000,-0.000000,0.000000,0.737699,1.000000;;
        }

        Frame mixamorig_RightHandThumb1 {
         

         FrameTransformMatrix {
          0.815151,-0.042409,-0.577694,0.000000,-0.330685,0.784755,-0.524221,0.000000,0.475580,0.618354,0.625670,0.000000,0.071263,0.026471,0.119429,1.000000;;
         }

         Frame mixamorig_RightHandThumb2 {
          

          FrameTransformMatrix {
           0.678778,0.300762,0.669928,0.000000,-0.381507,0.923934,-0.028250,0.000000,-0.627466,-0.236407,0.741889,0.000000,-0.013969,0.000000,0.112392,1.000000;;
          }

          Frame mixamorig_RightHandThumb3 {
           

           FrameTransformMatrix {
            0.687832,-0.112214,0.717144,0.000000,-0.144287,0.947126,0.286589,0.000000,-0.711385,-0.300600,0.635273,0.000000,0.015543,0.000000,0.111510,1.000000;;
           }
          }
         }
        }

        Frame mixamorig_RightHandIndex1 {
         

         FrameTransformMatrix {
          0.992863,-0.010306,-0.118813,0.000000,-0.018734,0.970411,-0.240732,0.000000,0.117778,0.241240,0.963292,0.000000,0.096222,0.001644,0.309726,1.000000;;
         }

         Frame mixamorig_RightHandIndex2 {
          

          FrameTransformMatrix {
           0.999074,0.017198,0.039435,0.000000,0.016416,0.694870,-0.718948,0.000000,-0.039767,0.718930,0.693944,0.000000,0.000200,-0.000000,0.083634,1.000000;;
          }

          Frame mixamorig_RightHandIndex3 {
           

           FrameTransformMatrix {
            0.999538,0.007136,0.029545,0.000000,0.008493,0.867756,-0.496919,0.000000,-0.029184,0.496940,0.867294,0.000000,-0.000134,-0.000000,0.080912,1.000000;;
           }
          }
         }
        }

        Frame mixamorig_RightHandMiddle1 {
         

         FrameTransformMatrix {
          0.998282,0.052502,0.026031,0.000000,-0.013562,0.639146,-0.768966,0.000000,-0.057010,0.767291,0.638760,0.000000,0.028969,-0.006418,0.318161,1.000000;;
         }

         Frame mixamorig_RightHandMiddle2 {
          

          FrameTransformMatrix {
           0.994136,0.087192,0.063970,0.000000,0.090385,-0.345165,-0.934180,0.000000,-0.059373,0.934483,-0.351021,0.000000,0.000057,0.000000,0.088512,1.000000;;
          }

          Frame mixamorig_RightHandMiddle3 {
           

           FrameTransformMatrix {
            0.999526,0.004871,0.030405,0.000000,0.005191,0.946625,-0.322296,0.000000,-0.030352,0.322301,0.946151,0.000000,-0.000368,0.000000,0.085451,1.000000;;
           }
          }
         }
        }

        Frame mixamorig_RightHandRing1 {
         

         FrameTransformMatrix {
          0.996108,-0.067274,-0.056947,0.000000,-0.009772,0.557813,-0.829909,0.000000,0.087597,0.827236,0.554985,0.000000,-0.034001,-0.005597,0.310309,1.000000;;
         }

         Frame mixamorig_RightHandRing2 {
          

          FrameTransformMatrix {
           0.994508,0.077438,0.070416,0.000000,0.082258,-0.162255,-0.983315,0.000000,-0.064721,0.983706,-0.167733,0.000000,-0.000132,-0.000000,0.084405,1.000000;;
          }

          Frame mixamorig_RightHandRing3 {
           

           FrameTransformMatrix {
            0.997689,0.029840,0.061038,0.000000,0.027983,0.638167,-0.769389,0.000000,-0.061911,0.769319,0.635858,0.000000,-0.000253,0.000000,0.079390,1.000000;;
           }
          }
         }
        }

        Frame mixamorig_RightHandPinky1 {
         

         FrameTransformMatrix {
          0.995863,-0.079881,-0.043310,0.000000,-0.003558,0.441988,-0.897014,0.000000,0.090797,0.893457,0.439875,0.000000,-0.091190,0.004888,0.268499,1.000000;;
         }

         Frame mixamorig_RightHandPinky2 {
          

          FrameTransformMatrix {
           0.995877,0.057559,0.070115,0.000000,0.061981,0.132640,-0.989224,0.000000,-0.066239,0.989492,0.128526,0.000000,-0.000018,0.000000,0.075691,1.000000;;
          }

          Frame mixamorig_RightHandPinky3 {
           

           FrameTransformMatrix {
            0.996776,0.040593,0.069204,0.000000,0.039337,0.504499,-0.862516,0.000000,-0.069925,0.862458,0.501276,0.000000,-0.000300,0.000000,0.064219,1.000000;;
           }
          }
         }
        }
       }
      }
     }
    }
   }
  }
 }

 Frame mixamorig_LeftUpLeg {
  

  FrameTransformMatrix {
   -0.993821,0.082332,0.074435,0.000000,0.110437,0.666594,0.737195,0.000000,0.011077,0.740860,-0.671568,0.000000,0.347096,-0.020260,-0.107398,1.000000;;
  }

  Frame mixamorig_LeftLeg {
   

   FrameTransformMatrix {
    0.984084,-0.064782,0.165475,0.000000,-0.177694,-0.368414,0.912522,0.000000,0.001849,-0.927402,-0.374062,0.000000,-0.000000,0.000000,1.199382,1.000000;;
   }

   Frame mixamorig_LeftFoot {
    

    FrameTransformMatrix {
     0.934239,0.354213,0.041595,0.000000,-0.009538,0.141401,-0.989906,0.000000,-0.356519,0.924413,0.135481,0.000000,0.000000,0.000000,1.309490,1.000000;;
    }

    Frame mixamorig_LeftToeBase {
     

     FrameTransformMatrix {
      0.991151,0.132729,-0.001755,0.000000,-0.114843,0.850810,-0.512770,0.000000,-0.066566,0.508434,0.858524,0.000000,0.000000,0.000000,0.521339,1.000000;;
     }
    }
   }
  }
 }

 Frame mixamorig_RightUpLeg {
  

  FrameTransformMatrix {
   -0.957609,0.183661,-0.221933,0.000000,0.028338,0.826729,0.561886,0.000000,0.286675,0.531778,-0.796888,0.000000,-0.347097,-0.024171,-0.107397,1.000000;;
  }

  Frame mixamorig_RightLeg {
   

   FrameTransformMatrix {
    0.979260,0.134012,-0.151957,0.000000,0.091106,0.378644,0.921048,0.000000,0.180969,-0.915789,0.358581,0.000000,0.000000,0.000000,1.199398,1.000000;;
   }

   Frame mixamorig_RightFoot {
    

    FrameTransformMatrix {
     0.854569,-0.464919,0.231436,0.000000,0.113392,-0.267850,-0.956765,0.000000,0.506808,0.843864,-0.176179,0.000000,0.000000,0.000000,1.309219,1.000000;;
    }

    Frame mixamorig_RightToeBase {
     

     FrameTransformMatrix {
      0.986935,-0.160807,0.010059,0.000000,0.136406,0.800684,-0.583351,0.000000,0.085753,0.577102,0.812158,0.000000,-0.000000,-0.000000,0.513174,1.000000;;
     }
    }
   }
  }
 }
}

Frame de_headgear_picklehaube_83 {
 

 FrameTransformMatrix {
  0.000049,0.000000,-254.000000,0.000000,-254.000000,-0.000223,-0.000049,0.000000,-0.000223,254.000000,-0.000000,0.000000,0.000000,440.46394,9.078358,1.000000;;
 }

 Mesh de_headgear_picklehaube_83 {
  2568;
  0.041735;0.096049;-0.017354;,
  0.001020;0.085550;-0.018618;,
  0.034972;0.093617;-0.005696;,
  0.001020;0.085550;-0.018618;,
  0.041735;0.096049;-0.017354;,
  0.004067;0.088512;-0.028448;,
  0.004067;0.088512;-0.028448;,
  -0.025379;0.072642;-0.021925;,
  0.001020;0.085550;-0.018618;,
  -0.025379;0.072642;-0.021925;,
  0.004067;0.088512;-0.028448;,
  -0.022826;0.075525;-0.034323;,
  -0.022826;0.075525;-0.034323;,
  -0.053516;0.055539;-0.023813;,
  -0.025379;0.072642;-0.021925;,
  -0.053516;0.055539;-0.023813;,
  -0.022826;0.075525;-0.034323;,
  -0.051553;0.056778;-0.038044;,
  -0.051553;0.056778;-0.038044;,
  -0.066064;0.030724;-0.028898;,
  -0.053516;0.055539;-0.023813;,
  -0.066064;0.030724;-0.028898;,
  -0.051553;0.056778;-0.038044;,
  -0.066244;0.030079;-0.044053;,
  -0.066244;0.030079;-0.044053;,
  -0.073012;0.002386;-0.027839;,
  -0.066064;0.030724;-0.028898;,
  -0.073012;0.002386;-0.027839;,
  -0.066244;0.030079;-0.044053;,
  -0.072308;0.000913;-0.042989;,
  0.041735;0.096049;-0.017354;,
  0.012904;0.097218;-0.037604;,
  0.004067;0.088512;-0.028448;,
  0.004067;0.088512;-0.028448;,
  -0.028451;0.082173;-0.058324;,
  -0.022826;0.075525;-0.034323;,
  -0.028451;0.082173;-0.058324;,
  0.004067;0.088512;-0.028448;,
  -0.007212;0.094756;-0.046226;,
  0.004067;0.088512;-0.028448;,
  0.012904;0.097218;-0.037604;,
  -0.007212;0.094756;-0.046226;,
  -0.022826;0.075525;-0.034323;,
  -0.061863;0.060499;-0.079104;,
  -0.051553;0.056778;-0.038044;,
  -0.061863;0.060499;-0.079104;,
  -0.022826;0.075525;-0.034323;,
  -0.028451;0.082173;-0.058324;,
  -0.051553;0.056778;-0.038044;,
  -0.080305;0.032042;-0.087466;,
  -0.066244;0.030079;-0.044053;,
  -0.080305;0.032042;-0.087466;,
  -0.051553;0.056778;-0.038044;,
  -0.061863;0.060499;-0.079104;,
  -0.066244;0.030079;-0.044053;,
  -0.086224;-0.000076;-0.089588;,
  -0.072308;0.000913;-0.042989;,
  -0.086224;-0.000076;-0.089588;,
  -0.066244;0.030079;-0.044053;,
  -0.080305;0.032042;-0.087466;,
  -0.054201;0.056298;-0.002144;,
  -0.025379;0.072642;-0.021925;,
  -0.053516;0.055539;-0.023813;,
  -0.025379;0.072642;-0.021925;,
  -0.054201;0.056298;-0.002144;,
  -0.029889;0.074041;0.002012;,
  -0.056843;0.046578;0.029205;,
  -0.029889;0.074041;0.002012;,
  -0.054201;0.056298;-0.002144;,
  -0.029889;0.074041;0.002012;,
  -0.056843;0.046578;0.029205;,
  -0.035349;0.063661;0.033556;,
  -0.035349;0.063661;0.033556;,
  -0.003006;0.084271;0.005378;,
  -0.029889;0.074041;0.002012;,
  -0.003006;0.084271;0.005378;,
  -0.035349;0.063661;0.033556;,
  -0.006228;0.077568;0.043051;,
  -0.006228;0.077568;0.043051;,
  0.027934;0.089361;0.015264;,
  -0.003006;0.084271;0.005378;,
  0.027934;0.089361;0.015264;,
  -0.006228;0.077568;0.043051;,
  0.022150;0.081079;0.051283;,
  -0.054201;0.056298;-0.002144;,
  -0.067363;0.026707;0.027072;,
  -0.056843;0.046578;0.029205;,
  -0.067363;0.026707;0.027072;,
  -0.054201;0.056298;-0.002144;,
  -0.066693;0.032397;-0.006535;,
  -0.066693;0.032397;-0.006535;,
  -0.071813;-0.001020;0.025748;,
  -0.067363;0.026707;0.027072;,
  -0.071813;-0.001020;0.025748;,
  -0.066693;0.032397;-0.006535;,
  -0.074865;-0.000336;-0.007409;,
  -0.002681;0.056828;0.063237;,
  0.022150;0.081079;0.051283;,
  -0.006228;0.077568;0.043051;,
  0.022150;0.081079;0.051283;,
  -0.002681;0.056828;0.063237;,
  0.020162;0.059665;0.072288;,
  -0.026378;0.048956;0.057692;,
  -0.006228;0.077568;0.043051;,
  -0.035349;0.063661;0.033556;,
  -0.006228;0.077568;0.043051;,
  -0.026378;0.048956;0.057692;,
  -0.002681;0.056828;0.063237;,
  -0.044555;0.035484;0.052942;,
  -0.035349;0.063661;0.033556;,
  -0.056843;0.046578;0.029205;,
  -0.035349;0.063661;0.033556;,
  -0.044555;0.035484;0.052942;,
  -0.026378;0.048956;0.057692;,
  -0.052872;0.018685;0.049880;,
  -0.056843;0.046578;0.029205;,
  -0.067363;0.026707;0.027072;,
  -0.056843;0.046578;0.029205;,
  -0.052872;0.018685;0.049880;,
  -0.044555;0.035484;0.052942;,
  -0.055839;-0.000076;0.048851;,
  -0.067363;0.026707;0.027072;,
  -0.071813;-0.001020;0.025748;,
  -0.067363;0.026707;0.027072;,
  -0.055839;-0.000076;0.048851;,
  -0.052872;0.018685;0.049880;,
  0.027934;0.089361;0.015264;,
  0.001020;0.085550;-0.018618;,
  -0.003006;0.084271;0.005378;,
  0.001020;0.085550;-0.018618;,
  0.027934;0.089361;0.015264;,
  0.034972;0.093617;-0.005696;,
  0.001020;0.085550;-0.018618;,
  -0.029889;0.074041;0.002012;,
  -0.003006;0.084271;0.005378;,
  -0.029889;0.074041;0.002012;,
  0.001020;0.085550;-0.018618;,
  -0.025379;0.072642;-0.021925;,
  -0.066064;0.030724;-0.028898;,
  -0.074865;-0.000336;-0.007409;,
  -0.066693;0.032397;-0.006535;,
  -0.066693;0.032397;-0.006535;,
  -0.053516;0.055539;-0.023813;,
  -0.066064;0.030724;-0.028898;,
  -0.053516;0.055539;-0.023813;,
  -0.066693;0.032397;-0.006535;,
  -0.054201;0.056298;-0.002144;,
  -0.074865;-0.000336;-0.007409;,
  -0.066064;0.030724;-0.028898;,
  -0.073012;0.002386;-0.027839;,
  -0.068966;-0.030601;-0.025636;,
  -0.074865;-0.000336;-0.007409;,
  -0.073012;0.002386;-0.027839;,
  -0.073012;0.002386;-0.027839;,
  -0.067148;-0.029028;-0.040342;,
  -0.068966;-0.030601;-0.025636;,
  -0.049125;-0.054608;-0.037270;,
  -0.068966;-0.030601;-0.025636;,
  -0.067148;-0.029028;-0.040342;,
  -0.068966;-0.030601;-0.025636;,
  -0.049125;-0.054608;-0.037270;,
  -0.051144;-0.056276;-0.023089;,
  -0.025639;-0.076701;-0.031136;,
  -0.051144;-0.056276;-0.023089;,
  -0.049125;-0.054608;-0.037270;,
  -0.051144;-0.056276;-0.023089;,
  -0.025639;-0.076701;-0.031136;,
  -0.027936;-0.075347;-0.019477;,
  0.004377;-0.089184;-0.022534;,
  -0.027936;-0.075347;-0.019477;,
  -0.025639;-0.076701;-0.031136;,
  -0.027936;-0.075347;-0.019477;,
  0.004377;-0.089184;-0.022534;,
  0.000960;-0.086392;-0.012799;,
  0.041755;-0.096681;-0.012164;,
  0.000960;-0.086392;-0.012799;,
  0.004377;-0.089184;-0.022534;,
  0.000960;-0.086392;-0.012799;,
  0.041755;-0.096681;-0.012164;,
  0.035162;-0.095203;-0.000686;,
  -0.067148;-0.029028;-0.040342;,
  -0.073012;0.002386;-0.027839;,
  -0.072308;0.000913;-0.042989;,
  0.041755;-0.096681;-0.012164;,
  0.004377;-0.089184;-0.022534;,
  0.013358;-0.097236;-0.032644;,
  -0.028511;-0.081906;-0.058519;,
  0.004377;-0.089184;-0.022534;,
  -0.025639;-0.076701;-0.031136;,
  0.004377;-0.089184;-0.022534;,
  -0.028511;-0.081906;-0.058519;,
  -0.006922;-0.094564;-0.043274;,
  0.004377;-0.089184;-0.022534;,
  -0.006922;-0.094564;-0.043274;,
  0.013358;-0.097236;-0.032644;,
  -0.025639;-0.076701;-0.031136;,
  -0.061898;-0.060432;-0.079758;,
  -0.028511;-0.081906;-0.058519;,
  -0.061898;-0.060432;-0.079758;,
  -0.025639;-0.076701;-0.031136;,
  -0.049125;-0.054608;-0.037270;,
  -0.049125;-0.054608;-0.037270;,
  -0.080300;-0.032120;-0.087456;,
  -0.061898;-0.060432;-0.079758;,
  -0.080300;-0.032120;-0.087456;,
  -0.049125;-0.054608;-0.037270;,
  -0.067148;-0.029028;-0.040342;,
  -0.067148;-0.029028;-0.040342;,
  -0.086224;-0.000076;-0.089588;,
  -0.080300;-0.032120;-0.087456;,
  -0.086224;-0.000076;-0.089588;,
  -0.067148;-0.029028;-0.040342;,
  -0.072308;0.000913;-0.042989;,
  0.041755;-0.096681;-0.012164;,
  0.013358;-0.097236;-0.032644;,
  0.044917;-0.096816;-0.024367;,
  0.028214;-0.090652;0.020059;,
  0.000960;-0.086392;-0.012799;,
  0.035162;-0.095203;-0.000686;,
  0.000960;-0.086392;-0.012799;,
  0.028214;-0.090652;0.020059;,
  -0.002506;-0.084034;0.009699;,
  0.028214;-0.090652;0.020059;,
  -0.002616;-0.076971;0.044045;,
  -0.002506;-0.084034;0.009699;,
  -0.002616;-0.076971;0.044045;,
  0.028214;-0.090652;0.020059;,
  0.026206;-0.080602;0.052642;,
  -0.027262;-0.067795;0.036853;,
  -0.002506;-0.084034;0.009699;,
  -0.002616;-0.076971;0.044045;,
  -0.002506;-0.084034;0.009699;,
  -0.027262;-0.067795;0.036853;,
  -0.031892;-0.075962;0.002481;,
  -0.048471;-0.051186;0.030199;,
  -0.031892;-0.075962;0.002481;,
  -0.027262;-0.067795;0.036853;,
  -0.031892;-0.075962;0.002481;,
  -0.048471;-0.051186;0.030199;,
  -0.052707;-0.060377;-0.002938;,
  -0.064041;-0.028898;0.026902;,
  -0.052707;-0.060377;-0.002938;,
  -0.048471;-0.051186;0.030199;,
  -0.052707;-0.060377;-0.002938;,
  -0.064041;-0.028898;0.026902;,
  -0.068172;-0.031436;-0.007019;,
  -0.071813;-0.001020;0.025748;,
  -0.068172;-0.031436;-0.007019;,
  -0.064041;-0.028898;0.026902;,
  -0.068172;-0.031436;-0.007019;,
  -0.071813;-0.001020;0.025748;,
  -0.074865;-0.000336;-0.007409;,
  0.026206;-0.080602;0.052642;,
  0.005781;-0.058254;0.068192;,
  -0.002616;-0.076971;0.044045;,
  0.005781;-0.058254;0.068192;,
  0.026206;-0.080602;0.052642;,
  0.029348;-0.060362;0.072033;,
  -0.020683;-0.051855;0.058027;,
  -0.002616;-0.076971;0.044045;,
  0.005781;-0.058254;0.068192;,
  -0.002616;-0.076971;0.044045;,
  -0.020683;-0.051855;0.058027;,
  -0.027262;-0.067795;0.036853;,
  -0.040934;-0.038389;0.049925;,
  -0.027262;-0.067795;0.036853;,
  -0.020683;-0.051855;0.058027;,
  -0.027262;-0.067795;0.036853;,
  -0.040934;-0.038389;0.049925;,
  -0.048471;-0.051186;0.030199;,
  -0.052572;-0.018903;0.049096;,
  -0.048471;-0.051186;0.030199;,
  -0.040934;-0.038389;0.049925;,
  -0.048471;-0.051186;0.030199;,
  -0.052572;-0.018903;0.049096;,
  -0.064041;-0.028898;0.026902;,
  -0.055839;-0.000076;0.048851;,
  -0.064041;-0.028898;0.026902;,
  -0.052572;-0.018903;0.049096;,
  -0.064041;-0.028898;0.026902;,
  -0.055839;-0.000076;0.048851;,
  -0.071813;-0.001020;0.025748;,
  -0.052707;-0.060377;-0.002938;,
  -0.027936;-0.075347;-0.019477;,
  -0.031892;-0.075962;0.002481;,
  0.000960;-0.086392;-0.012799;,
  -0.031892;-0.075962;0.002481;,
  -0.027936;-0.075347;-0.019477;,
  -0.031892;-0.075962;0.002481;,
  0.000960;-0.086392;-0.012799;,
  -0.002506;-0.084034;0.009699;,
  -0.027936;-0.075347;-0.019477;,
  -0.052707;-0.060377;-0.002938;,
  -0.051144;-0.056276;-0.023089;,
  -0.068172;-0.031436;-0.007019;,
  -0.051144;-0.056276;-0.023089;,
  -0.052707;-0.060377;-0.002938;,
  -0.051144;-0.056276;-0.023089;,
  -0.068172;-0.031436;-0.007019;,
  -0.068966;-0.030601;-0.025636;,
  -0.074865;-0.000336;-0.007409;,
  -0.068966;-0.030601;-0.025636;,
  -0.068172;-0.031436;-0.007019;,
  0.019462;-0.047675;0.077038;,
  0.005781;-0.058254;0.068192;,
  0.029348;-0.060362;0.072033;,
  0.005781;-0.058254;0.068192;,
  0.019462;-0.047675;0.077038;,
  0.003883;-0.045527;0.072802;,
  0.012609;-0.033189;0.077158;,
  0.003883;-0.045527;0.072802;,
  0.019462;-0.047675;0.077038;,
  0.003883;-0.045527;0.072802;,
  0.012609;-0.033189;0.077158;,
  0.004707;-0.031376;0.073761;,
  -0.009579;-0.026425;0.069236;,
  0.003883;-0.045527;0.072802;,
  0.004707;-0.031376;0.073761;,
  0.003883;-0.045527;0.072802;,
  -0.009579;-0.026425;0.069236;,
  -0.018321;-0.040776;0.062982;,
  -0.022282;-0.019003;0.065889;,
  -0.018321;-0.040776;0.062982;,
  -0.009579;-0.026425;0.069236;,
  -0.018321;-0.040776;0.062982;,
  -0.022282;-0.019003;0.065889;,
  -0.031648;-0.029702;0.057307;,
  -0.029415;-0.009997;0.064865;,
  -0.031648;-0.029702;0.057307;,
  -0.022282;-0.019003;0.065889;,
  -0.031648;-0.029702;0.057307;,
  -0.029415;-0.009997;0.064865;,
  -0.044330;-0.014452;0.057213;,
  -0.030798;-0.000076;0.065729;,
  -0.044330;-0.014452;0.057213;,
  -0.029415;-0.009997;0.064865;,
  -0.044330;-0.014452;0.057213;,
  -0.030798;-0.000076;0.065729;,
  -0.046818;-0.000076;0.058027;,
  -0.030798;-0.000076;0.065729;,
  -0.043921;0.014250;0.059890;,
  -0.046818;-0.000076;0.058027;,
  -0.043921;0.014250;0.059890;,
  -0.030798;-0.000076;0.065729;,
  -0.028241;0.009814;0.067263;,
  -0.028241;0.009814;0.067263;,
  -0.035834;0.027052;0.063596;,
  -0.043921;0.014250;0.059890;,
  -0.035834;0.027052;0.063596;,
  -0.028241;0.009814;0.067263;,
  -0.022207;0.018690;0.069251;,
  -0.022207;0.018690;0.069251;,
  -0.022746;0.037102;0.066518;,
  -0.035834;0.027052;0.063596;,
  -0.022746;0.037102;0.066518;,
  -0.022207;0.018690;0.069251;,
  -0.012412;0.025698;0.072562;,
  -0.012412;0.025698;0.072562;,
  -0.001867;0.043501;0.072313;,
  -0.022746;0.037102;0.066518;,
  -0.001867;0.043501;0.072313;,
  -0.012412;0.025698;0.072562;,
  -0.000493;0.030184;0.076059;,
  0.011775;0.032906;0.079221;,
  -0.001867;0.043501;0.072313;,
  -0.000493;0.030184;0.076059;,
  -0.001867;0.043501;0.072313;,
  0.011775;0.032906;0.079221;,
  0.016011;0.045694;0.075465;,
  -0.000493;0.030184;0.076059;,
  0.011305;0.021398;0.081194;,
  0.011775;0.032906;0.079221;,
  0.011305;0.021398;0.081194;,
  -0.000493;0.030184;0.076059;,
  0.003483;0.019230;0.078247;,
  -0.012412;0.025698;0.072562;,
  0.003483;0.019230;0.078247;,
  -0.000493;0.030184;0.076059;,
  0.003483;0.019230;0.078247;,
  -0.012412;0.025698;0.072562;,
  -0.003985;0.016368;0.075570;,
  -0.022207;0.018690;0.069251;,
  -0.003985;0.016368;0.075570;,
  -0.012412;0.025698;0.072562;,
  -0.003985;0.016368;0.075570;,
  -0.022207;0.018690;0.069251;,
  -0.010104;0.011892;0.072902;,
  -0.028241;0.009814;0.067263;,
  -0.010104;0.011892;0.072902;,
  -0.022207;0.018690;0.069251;,
  -0.010104;0.011892;0.072902;,
  -0.028241;0.009814;0.067263;,
  -0.013895;0.006223;0.071419;,
  -0.030798;-0.000076;0.065729;,
  -0.013895;0.006223;0.071419;,
  -0.028241;0.009814;0.067263;,
  -0.013895;0.006223;0.071419;,
  -0.030798;-0.000076;0.065729;,
  -0.015109;-0.000091;0.070924;,
  -0.029415;-0.009997;0.064865;,
  -0.015109;-0.000091;0.070924;,
  -0.030798;-0.000076;0.065729;,
  -0.015109;-0.000091;0.070924;,
  -0.029415;-0.009997;0.064865;,
  -0.014260;-0.006430;0.071444;,
  -0.022282;-0.019003;0.065889;,
  -0.014260;-0.006430;0.071444;,
  -0.029415;-0.009997;0.064865;,
  -0.014260;-0.006430;0.071444;,
  -0.022282;-0.019003;0.065889;,
  -0.010413;-0.012144;0.072557;,
  -0.009579;-0.026425;0.069236;,
  -0.010413;-0.012144;0.072557;,
  -0.022282;-0.019003;0.065889;,
  -0.010413;-0.012144;0.072557;,
  -0.009579;-0.026425;0.069236;,
  -0.003510;-0.016805;0.074710;,
  0.004707;-0.031376;0.073761;,
  -0.003510;-0.016805;0.074710;,
  -0.009579;-0.026425;0.069236;,
  -0.003510;-0.016805;0.074710;,
  0.004707;-0.031376;0.073761;,
  0.004432;-0.019862;0.076913;,
  0.012609;-0.033189;0.077158;,
  0.004432;-0.019862;0.076913;,
  0.004707;-0.031376;0.073761;,
  0.004432;-0.019862;0.076913;,
  0.012609;-0.033189;0.077158;,
  0.008593;-0.020821;0.079661;,
  0.008593;-0.020821;0.079661;,
  0.001640;-0.020871;0.085530;,
  0.004432;-0.019862;0.076913;,
  0.001640;-0.020871;0.085530;,
  0.008593;-0.020821;0.079661;,
  0.008498;-0.021950;0.087653;,
  0.008498;-0.021950;0.087653;,
  -0.000049;-0.021980;0.090170;,
  0.001640;-0.020871;0.085530;,
  -0.000049;-0.021980;0.090170;,
  0.008498;-0.021950;0.087653;,
  0.007164;-0.023114;0.092328;,
  -0.006927;-0.018628;0.088017;,
  0.001640;-0.020871;0.085530;,
  -0.000049;-0.021980;0.090170;,
  0.001640;-0.020871;0.085530;,
  -0.006927;-0.018628;0.088017;,
  -0.005109;-0.017659;0.083492;,
  0.004432;-0.019862;0.076913;,
  -0.005109;-0.017659;0.083492;,
  -0.003510;-0.016805;0.074710;,
  -0.005109;-0.017659;0.083492;,
  0.004432;-0.019862;0.076913;,
  0.001640;-0.020871;0.085530;,
  -0.012706;-0.013548;0.086868;,
  -0.005109;-0.017659;0.083492;,
  -0.006927;-0.018628;0.088017;,
  -0.005109;-0.017659;0.083492;,
  -0.012706;-0.013548;0.086868;,
  -0.010733;-0.012809;0.082328;,
  -0.003510;-0.016805;0.074710;,
  -0.010733;-0.012809;0.082328;,
  -0.010413;-0.012144;0.072557;,
  -0.010733;-0.012809;0.082328;,
  -0.003510;-0.016805;0.074710;,
  -0.005109;-0.017659;0.083492;,
  -0.016323;-0.007159;0.086789;,
  -0.010733;-0.012809;0.082328;,
  -0.012706;-0.013548;0.086868;,
  -0.010733;-0.012809;0.082328;,
  -0.016323;-0.007159;0.086789;,
  -0.014195;-0.006770;0.082038;,
  -0.017511;-0.000076;0.087033;,
  -0.014195;-0.006770;0.082038;,
  -0.016323;-0.007159;0.086789;,
  -0.014195;-0.006770;0.082038;,
  -0.017511;-0.000076;0.087033;,
  -0.015234;-0.000076;0.081878;,
  -0.016408;0.007007;0.088127;,
  -0.015234;-0.000076;0.081878;,
  -0.017511;-0.000076;0.087033;,
  -0.015234;-0.000076;0.081878;,
  -0.016408;0.007007;0.088127;,
  -0.014200;0.006617;0.082688;,
  -0.012651;0.013396;0.089691;,
  -0.014200;0.006617;0.082688;,
  -0.016408;0.007007;0.088127;,
  -0.014200;0.006617;0.082688;,
  -0.012651;0.013396;0.089691;,
  -0.010603;0.012656;0.084146;,
  -0.007032;0.018466;0.091674;,
  -0.010603;0.012656;0.084146;,
  -0.012651;0.013396;0.089691;,
  -0.010603;0.012656;0.084146;,
  -0.007032;0.018466;0.091674;,
  -0.005144;0.017447;0.086279;,
  -0.000323;0.021722;0.093447;,
  -0.005144;0.017447;0.086279;,
  -0.007032;0.018466;0.091674;,
  -0.005144;0.017447;0.086279;,
  -0.000323;0.021722;0.093447;,
  0.001275;0.020524;0.088177;,
  0.006940;0.022841;0.095180;,
  0.001275;0.020524;0.088177;,
  -0.000323;0.021722;0.093447;,
  0.001275;0.020524;0.088177;,
  0.006940;0.022841;0.095180;,
  0.008198;0.021587;0.089721;,
  -0.012706;-0.013548;0.086868;,
  -0.016592;-0.007064;0.092982;,
  -0.016323;-0.007159;0.086789;,
  -0.016323;-0.007159;0.086789;,
  -0.017766;-0.000191;0.093467;,
  -0.017511;-0.000076;0.087033;,
  -0.017766;-0.000191;0.093467;,
  -0.016323;-0.007159;0.086789;,
  -0.016592;-0.007064;0.092982;,
  -0.017511;-0.000076;0.087033;,
  -0.016707;0.006677;0.094651;,
  -0.016408;0.007007;0.088127;,
  -0.016707;0.006677;0.094651;,
  -0.017511;-0.000076;0.087033;,
  -0.017766;-0.000191;0.093467;,
  -0.016408;0.007007;0.088127;,
  -0.013256;0.012881;0.096204;,
  -0.012651;0.013396;0.089691;,
  -0.013256;0.012881;0.096204;,
  -0.016408;0.007007;0.088127;,
  -0.016707;0.006677;0.094651;,
  -0.012651;0.013396;0.089691;,
  -0.008041;0.017821;0.097933;,
  -0.007032;0.018466;0.091674;,
  -0.008041;0.017821;0.097933;,
  -0.012651;0.013396;0.089691;,
  -0.013256;0.012881;0.096204;,
  -0.007032;0.018466;0.091674;,
  -0.001602;0.021023;0.099616;,
  -0.000323;0.021722;0.093447;,
  -0.001602;0.021023;0.099616;,
  -0.007032;0.018466;0.091674;,
  -0.008041;0.017821;0.097933;,
  -0.000323;0.021722;0.093447;,
  0.005391;0.022142;0.101529;,
  0.006940;0.022841;0.095180;,
  0.005391;0.022142;0.101529;,
  -0.000323;0.021722;0.093447;,
  -0.001602;0.021023;0.099616;,
  -0.015813;-0.006310;0.118667;,
  -0.017766;-0.000191;0.093467;,
  -0.016592;-0.007064;0.092982;,
  -0.016592;-0.007064;0.092982;,
  -0.013985;-0.009932;0.118972;,
  -0.015813;-0.006310;0.118667;,
  -0.013985;-0.009932;0.118972;,
  -0.016592;-0.007064;0.092982;,
  -0.013131;-0.013273;0.093197;,
  -0.016592;-0.007064;0.092982;,
  -0.012706;-0.013548;0.086868;,
  -0.013131;-0.013273;0.093197;,
  -0.006927;-0.018628;0.088017;,
  -0.013131;-0.013273;0.093197;,
  -0.012706;-0.013548;0.086868;,
  -0.013131;-0.013273;0.093197;,
  -0.006927;-0.018628;0.088017;,
  -0.007766;-0.018213;0.094406;,
  -0.000049;-0.021980;0.090170;,
  -0.007766;-0.018213;0.094406;,
  -0.006927;-0.018628;0.088017;,
  -0.007766;-0.018213;0.094406;,
  -0.000049;-0.021980;0.090170;,
  -0.004769;-0.021755;0.101105;,
  0.007164;-0.023114;0.092328;,
  -0.004769;-0.021755;0.101105;,
  -0.000049;-0.021980;0.090170;,
  -0.004769;-0.021755;0.101105;,
  0.007164;-0.023114;0.092328;,
  0.002094;-0.022844;0.102963;,
  -0.003575;-0.015321;0.121594;,
  -0.004769;-0.021755;0.101105;,
  0.002094;-0.022844;0.102963;,
  -0.004769;-0.021755;0.101105;,
  -0.003575;-0.015321;0.121594;,
  -0.007551;-0.014667;0.120555;,
  -0.007551;-0.014667;0.120555;,
  -0.007766;-0.018213;0.094406;,
  -0.004769;-0.021755;0.101105;,
  -0.007766;-0.018213;0.094406;,
  -0.007551;-0.014667;0.120555;,
  -0.011138;-0.012809;0.119626;,
  -0.013131;-0.013273;0.093197;,
  -0.011138;-0.012809;0.119626;,
  -0.013985;-0.009932;0.118972;,
  -0.011138;-0.012809;0.119626;,
  -0.013131;-0.013273;0.093197;,
  -0.007766;-0.018213;0.094406;,
  -0.008041;0.017821;0.097933;,
  -0.007556;0.009939;0.121669;,
  -0.001602;0.021023;0.099616;,
  -0.001602;0.021023;0.099616;,
  -0.003580;0.010548;0.122723;,
  0.005391;0.022142;0.101529;,
  -0.003580;0.010548;0.122723;,
  -0.001602;0.021023;0.099616;,
  -0.007556;0.009939;0.121669;,
  -0.011677;-0.011395;0.148188;,
  -0.007551;-0.014667;0.120555;,
  -0.003575;-0.015321;0.121594;,
  -0.007551;-0.014667;0.120555;,
  -0.011677;-0.011395;0.148188;,
  -0.014150;-0.010966;0.147564;,
  -0.014150;-0.010966;0.147564;,
  -0.011138;-0.012809;0.119626;,
  -0.007551;-0.014667;0.120555;,
  -0.011677;-0.011395;0.148188;,
  -0.015144;-0.007009;0.151071;,
  -0.014150;-0.010966;0.147564;,
  -0.015144;-0.007009;0.151071;,
  -0.011677;-0.011395;0.148188;,
  -0.011318;-0.007674;0.152040;,
  -0.014150;-0.010966;0.147564;,
  -0.015144;-0.007009;0.151071;,
  -0.016383;-0.009792;0.147049;,
  -0.011138;-0.012809;0.119626;,
  -0.014150;-0.010966;0.147564;,
  -0.016383;-0.009792;0.147049;,
  -0.016383;-0.009792;0.147049;,
  -0.015144;-0.007009;0.151071;,
  -0.018156;-0.007993;0.146700;,
  -0.016902;-0.003533;0.150831;,
  -0.018156;-0.007993;0.146700;,
  -0.015144;-0.007009;0.151071;,
  -0.018156;-0.007993;0.146700;,
  -0.016902;-0.003533;0.150831;,
  -0.019290;-0.005751;0.146540;,
  -0.019290;-0.005751;0.146540;,
  -0.016902;-0.003533;0.150831;,
  -0.019679;-0.003273;0.146595;,
  -0.019679;-0.003273;0.146595;,
  -0.016902;-0.003533;0.150831;,
  -0.019285;-0.000806;0.146855;,
  -0.015134;-0.000116;0.151510;,
  -0.019285;-0.000806;0.146855;,
  -0.016902;-0.003533;0.150831;,
  -0.019285;-0.000806;0.146855;,
  -0.015134;-0.000116;0.151510;,
  -0.018141;0.001407;0.147299;,
  -0.018141;0.001407;0.147299;,
  -0.015134;-0.000116;0.151510;,
  -0.016363;0.003146;0.147874;,
  -0.016363;0.003146;0.147874;,
  -0.015134;-0.000116;0.151510;,
  -0.014130;0.004250;0.148528;,
  -0.011303;0.000428;0.152554;,
  -0.014130;0.004250;0.148528;,
  -0.015134;-0.000116;0.151510;,
  -0.014130;0.004250;0.148528;,
  -0.011303;0.000428;0.152554;,
  -0.011652;0.004599;0.149202;,
  -0.013985;-0.009932;0.118972;,
  -0.016383;-0.009792;0.147049;,
  -0.018156;-0.007993;0.146700;,
  -0.016383;-0.009792;0.147049;,
  -0.013985;-0.009932;0.118972;,
  -0.011138;-0.012809;0.119626;,
  -0.015813;-0.006310;0.118667;,
  -0.018156;-0.007993;0.146700;,
  -0.019290;-0.005751;0.146540;,
  -0.018156;-0.007993;0.146700;,
  -0.015813;-0.006310;0.118667;,
  -0.013985;-0.009932;0.118972;,
  -0.016443;-0.002309;0.118722;,
  -0.019290;-0.005751;0.146540;,
  -0.019679;-0.003273;0.146595;,
  -0.019290;-0.005751;0.146540;,
  -0.016443;-0.002309;0.118722;,
  -0.015813;-0.006310;0.118667;,
  -0.019285;-0.000806;0.146855;,
  -0.016443;-0.002309;0.118722;,
  -0.019679;-0.003273;0.146595;,
  -0.017766;-0.000191;0.093467;,
  -0.015813;-0.006310;0.118667;,
  -0.016443;-0.002309;0.118722;,
  -0.015813;0.001687;0.119117;,
  -0.017766;-0.000191;0.093467;,
