xof 0303txt 0032
template ColorRGBA {
 <35ff44e0-6c7c-11cf-8f52-0040333594a3>
 FLOAT red;
 FLOAT green;
 FLOAT blue;
 FLOAT alpha;
}

template ColorRGB {
 <d3e16e81-7835-11cf-8f52-0040333594a3>
 FLOAT red;
 FLOAT green;
 FLOAT blue;
}

template Material {
 <3d82ab4d-62da-11cf-ab39-0020af71e433>
 ColorRGBA faceColor;
 FLOAT power;
 ColorRGB specularColor;
 ColorRGB emissiveColor;
 [...]
}

template TextureFilename {
 <a42790e1-7810-11cf-8f52-0040333594a3>
 STRING filename;
}

template Frame {
 <3d82ab46-62da-11cf-ab39-0020af71e433>
 [...]
}

template Matrix4x4 {
 <f6f23f45-7686-11cf-8f52-0040333594a3>
 array FLOAT matrix[16];
}

template FrameTransformMatrix {
 <f6f23f41-7686-11cf-8f52-0040333594a3>
 Matrix4x4 frameMatrix;
}

template Vector {
 <3d82ab5e-62da-11cf-ab39-0020af71e433>
 FLOAT x;
 FLOAT y;
 FLOAT z;
}

template MeshFace {
 <3d82ab5f-62da-11cf-ab39-0020af71e433>
 DWORD nFaceVertexIndices;
 array DWORD faceVertexIndices[nFaceVertexIndices];
}

template Mesh {
 <3d82ab44-62da-11cf-ab39-0020af71e433>
 DWORD nVertices;
 array Vector vertices[nVertices];
 DWORD nFaces;
 array MeshFace faces[nFaces];
 [...]
}

template MeshMaterialList {
 <f6f23f42-7686-11cf-8f52-0040333594a3>
 DWORD nMaterials;
 DWORD nFaceIndexes;
 array DWORD faceIndexes[nFaceIndexes];
 [Material <3d82ab4d-62da-11cf-ab39-0020af71e433>]
}

template VertexElement {
 <f752461c-1e23-48f6-b9f8-8350850f336f>
 DWORD Type;
 DWORD Method;
 DWORD Usage;
 DWORD UsageIndex;
}

template DeclData {
 <bf22e553-292c-4781-9fea-62bd554bdd93>
 DWORD nElements;
 array VertexElement Elements[nElements];
 DWORD nDWords;
 array DWORD data[nDWords];
}

template XSkinMeshHeader {
 <3cf169ce-ff7c-44ab-93c0-f78f62d172e2>
 WORD nMaxSkinWeightsPerVertex;
 WORD nMaxSkinWeightsPerFace;
 WORD nBones;
}

template SkinWeights {
 <6f0d123b-bad2-4167-a0d0-80224f25fabb>
 STRING transformNodeName;
 DWORD nWeights;
 array DWORD vertexIndices[nWeights];
 array FLOAT weights[nWeights];
 Matrix4x4 matrixOffset;
}

template AnimTicksPerSecond {
 <9e415a43-7ba6-4a73-8743-b73d47e88476>
 DWORD AnimTicksPerSecond;
}

template Animation {
 <3d82ab4f-62da-11cf-ab39-0020af71e433>
 [...]
}

template AnimationSet {
 <3d82ab50-62da-11cf-ab39-0020af71e433>
 [Animation <3d82ab4f-62da-11cf-ab39-0020af71e433>]
}

template FloatKeys {
 <10dd46a9-775b-11cf-8f52-0040333594a3>
 DWORD nValues;
 array FLOAT values[nValues];
}

template TimedFloatKeys {
 <f406b180-7b3b-11cf-8f52-0040333594a3>
 DWORD time;
 FloatKeys tfkeys;
}

template AnimationKey {
 <10dd46a8-775b-11cf-8f52-0040333594a3>
 DWORD keyType;
 DWORD nKeys;
 array TimedFloatKeys keys[nKeys];
}


Material Material__28 {
 0.588000;0.588000;0.588000;1.000000;;
 10.000000;
 0.000000;0.000000;0.000000;;
 0.000000;0.000000;0.000000;;

 TextureFilename {
  "character_fr_clothing_vareuse_1914_officer_clr.png";
 }
}

Material Material__27 {
 0.588000;0.588000;0.588000;1.000000;;
 10.000000;
 0.000000;0.000000;0.000000;;
 0.000000;0.000000;0.000000;;

 TextureFilename {
  "character_fr_clothing_vareuse_1914_officer_clr.png";
 }
}

Material Material__31 {
 0.588000;0.588000;0.588000;1.000000;;
 10.000000;
 0.000000;0.000000;0.000000;;
 0.000000;0.000000;0.000000;;

 TextureFilename {
  "character_fr_equipment_webbing_gasmask_clr.png";
 }
}

Material Material__36 {
 0.588000;0.588000;0.588000;1.000000;;
 10.000000;
 0.000000;0.000000;0.000000;;
 0.000000;0.000000;0.000000;;

 TextureFilename {
  "character_hands_clr.png";
 }
}

Material Material__30 {
 0.588000;0.588000;0.588000;1.000000;;
 10.000000;
 0.000000;0.000000;0.000000;;
 0.000000;0.000000;0.000000;;

 TextureFilename {
  "character_face_fr_moustache_clr.png";
 }
}

Frame avatar {
 

 FrameTransformMatrix {
  23.873349,-0.736474,-9.339325,0.000000,-9.215842,-6.440084,-23.049854,0.000000,-1.683339,24.813002,-6.259668,0.000000,-0.365850,-0.438124,-0.069100,1.000000;;
 }

 Frame Bip01 {
  

  FrameTransformMatrix {
   0.000002,1.000000,-0.000000,0.000000,0.000000,0.000000,1.000000,0.000000,1.000000,-0.000002,-0.000000,0.000000,0.000000,-0.028600,0.915761,1.000000;;
  }

  Frame Bip01_Pelvis {
   

   FrameTransformMatrix {
    0.000002,1.000000,-0.000000,0.000000,-0.000002,-0.000000,1.000000,0.000000,1.000000,-0.000002,0.000002,0.000000,0.000000,0.000000,0.000000,1.000000;;
   }

   Frame Bip01_Spine {
    

    FrameTransformMatrix {
     1.000000,0.000002,0.000796,0.000000,-0.000002,1.000000,0.000004,0.000000,-0.000796,-0.000003,1.000000,0.000000,0.089950,0.000000,0.019860,1.000000;;
    }

    Frame Bip01_L_Thigh {
     

     FrameTransformMatrix {
      -0.533964,0.313938,0.785064,0.000000,0.066906,-0.909912,0.409369,0.000000,0.842856,0.271114,0.464856,0.000000,-0.089966,0.109829,-0.019789,1.000000;;
     }

     Frame Bip01_L_Calf {
      

      FrameTransformMatrix {
       0.610507,-0.214141,-0.762512,0.000000,0.326898,0.945053,-0.003674,0.000000,0.721401,-0.247021,0.646964,0.000000,0.413522,0.000000,0.000000,1.000000;;
      }

      Frame Bip01_L_Foot {
       

       FrameTransformMatrix {
        0.962639,0.258867,0.079457,0.000000,-0.262988,0.963675,0.046553,0.000000,-0.064520,-0.065710,0.995751,0.000000,0.413522,0.000000,0.000000,1.000000;;
       }

       Frame Bip01_L_Toe0 {
        

        FrameTransformMatrix {
         -0.000000,-0.000000,1.000000,0.000000,-0.000000,1.000000,0.000000,0.000000,-1.000000,-0.000000,-0.000000,0.000000,0.100631,0.000000,0.171075,1.000000;;
        }
       }
      }
     }
    }

    Frame Bip01_R_Thigh {
     

     FrameTransformMatrix {
      -0.695640,-0.361176,0.620996,0.000000,0.104812,-0.906204,-0.409645,0.000000,0.710703,-0.219878,0.668248,0.000000,-0.089966,-0.109830,-0.019789,1.000000;;
     }

     Frame Bip01_R_Calf {
      

      FrameTransformMatrix {
       0.566717,0.049048,-0.822452,0.000000,-0.174055,0.982825,-0.061322,0.000000,0.805318,0.177904,0.565520,0.000000,0.413522,0.000000,0.000000,1.000000;;
      }

      Frame Bip01_R_Foot {
       

       FrameTransformMatrix {
        0.901260,-0.317365,0.294975,0.000000,0.375312,0.912006,-0.165488,0.000000,-0.216499,0.259855,0.941065,0.000000,0.413522,-0.000000,0.000000,1.000000;;
       }

       Frame Bip01_R_Toe0 {
        

        FrameTransformMatrix {
         -0.000000,-0.000000,1.000000,0.000000,-0.000000,1.000000,0.000000,0.000000,-1.000000,-0.000000,-0.000000,0.000000,0.100631,0.000000,0.171075,1.000000;;
        }
       }
      }
     }
    }

    Frame Bip01_Spine1 {
     

     FrameTransformMatrix {
      0.982520,-0.000036,0.186156,0.000000,-0.006994,0.999287,0.037107,0.000000,-0.186025,-0.037760,0.981819,0.000000,0.154731,0.000000,-0.000123,1.000000;;
     }

     Frame Bip01_Spine2 {
      

      FrameTransformMatrix {
       0.999772,0.001280,0.021299,0.000000,-0.001407,0.999981,0.005938,0.000000,-0.021291,-0.005966,0.999756,0.000000,0.154731,-0.000000,-0.000123,1.000000;;
      }

      Frame Bip01_Neck {
       

       FrameTransformMatrix {
        0.964240,-0.000307,0.265032,0.000000,-0.001332,0.999981,0.006006,0.000000,-0.265029,-0.006144,0.964221,0.000000,0.185621,-0.000000,-0.034460,1.000000;;
       }

       Frame Bip01_Head {
        

        FrameTransformMatrix {
         0.943381,-0.013092,-0.331453,0.000000,-0.006067,0.998373,-0.056703,0.000000,0.331656,0.055503,0.941766,0.000000,0.092566,0.000000,0.021031,1.000000;;
        }
       }

       Frame Bip01_L_Clavicle {
        

        FrameTransformMatrix {
         -0.509254,0.831851,0.220644,0.000000,0.838965,0.536995,-0.088166,0.000000,-0.191826,0.140214,-0.971361,0.000000,-0.011405,0.064048,0.013361,1.000000;;
        }

        Frame Bip01_L_UpperArm {
         

         FrameTransformMatrix {
          0.888847,-0.338683,-0.308617,0.000000,0.290225,0.937339,-0.192780,0.000000,0.354570,0.081783,0.931446,0.000000,0.120550,0.000000,0.000000,1.000000;;
         }

         Frame Bip01_L_Forearm {
          

          FrameTransformMatrix {
           -0.337697,0.230651,-0.912557,0.000000,-0.230652,0.919674,0.317804,0.000000,0.912557,0.317804,-0.257371,0.000000,0.303546,0.000000,-0.000000,1.000000;;
          }

          Frame Bip01_L_Hand {
           

           FrameTransformMatrix {
            0.877626,-0.097639,0.469297,0.000000,-0.205121,-0.961366,0.183579,0.000000,0.433242,-0.257377,-0.863747,0.000000,0.215225,0.000000,-0.000000,1.000000;;
           }

           Frame Bip01_L_Finger0 {
            

            FrameTransformMatrix {
             0.551947,-0.292149,0.781028,0.000000,0.831946,0.129184,-0.539608,0.000000,0.056749,0.947608,0.314355,0.000000,0.065165,-0.046864,0.008271,1.000000;;
            }

            Frame Bip01_L_Finger01 {
             

             FrameTransformMatrix {
              0.886253,0.264923,0.379964,0.000000,-0.123671,0.925853,-0.357074,0.000000,-0.446388,0.269467,0.853303,0.000000,0.035111,0.000000,0.000000,1.000000;;
             }

             Frame Bip01_L_Finger02 {
              

              FrameTransformMatrix {
               0.980680,0.148085,0.127822,0.000000,-0.127386,0.979313,-0.157224,0.000000,-0.148460,0.137904,0.979256,0.000000,0.028090,-0.000000,0.000000,1.000000;;
              }
             }
            }
           }

           Frame Bip01_L_Finger1 {
            

            FrameTransformMatrix {
             0.590968,-0.123579,0.797173,0.000000,0.142548,0.988643,0.047586,0.000000,-0.794000,0.085514,0.601873,0.000000,0.109280,-0.031758,-0.001289,1.000000;;
            }

            Frame Bip01_L_Finger11 {
             

             FrameTransformMatrix {
              0.287199,-0.107276,0.951845,0.000000,0.107276,0.991060,0.079328,0.000000,-0.951845,0.079327,0.296139,0.000000,0.036415,0.000000,-0.000000,1.000000;;
             }

             Frame Bip01_L_Finger12 {
              

              FrameTransformMatrix {
               0.802246,-0.066860,0.593238,0.000000,0.066860,0.997519,0.022008,0.000000,-0.593238,0.022008,0.804727,0.000000,0.029455,0.000000,0.000000,1.000000;;
              }
             }
            }
           }

           Frame Bip01_L_Finger2 {
            

            FrameTransformMatrix {
             0.725626,-0.116967,0.678075,0.000000,0.130232,0.990981,0.031578,0.000000,-0.675653,0.065394,0.734314,0.000000,0.112139,-0.005557,-0.003095,1.000000;;
            }

            Frame Bip01_L_Finger21 {
             

             FrameTransformMatrix {
              0.375369,-0.105169,0.920890,0.000000,0.105169,0.991958,0.070416,0.000000,-0.920890,0.070416,0.383411,0.000000,0.036183,0.000000,0.000000,1.000000;;
             }

             Frame Bip01_L_Finger22 {
              

              FrameTransformMatrix {
               0.737039,-0.076686,0.671485,0.000000,0.076686,0.996614,0.029644,0.000000,-0.671485,0.029644,0.740424,0.000000,0.033584,0.000000,0.000000,1.000000;;
              }
             }
            }
           }

           Frame Bip01_L_Finger3 {
            

            FrameTransformMatrix {
             0.725433,-0.116980,0.678279,0.000000,0.133325,0.990669,0.028262,0.000000,-0.675256,0.069929,0.734261,0.000000,0.110746,0.020346,0.005982,1.000000;;
            }

            Frame Bip01_L_Finger31 {
             

             FrameTransformMatrix {
              0.375630,-0.109340,0.920298,0.000000,0.109340,0.991309,0.073149,0.000000,-0.920297,0.073149,0.384320,0.000000,0.031014,0.000000,-0.000000,1.000000;;
             }

             Frame Bip01_L_Finger32 {
              

              FrameTransformMatrix {
               0.737039,-0.079737,0.671130,0.000000,0.079737,0.996340,0.030808,0.000000,-0.671130,0.030807,0.740699,0.000000,0.031014,0.000000,0.000000,1.000000;;
              }
             }
            }
           }

           Frame Bip01_L_Finger4 {
            

            FrameTransformMatrix {
             0.593515,-0.052568,0.803104,0.000000,0.107873,0.994057,-0.014654,0.000000,-0.797561,0.095331,0.595659,0.000000,0.089970,0.040408,0.014388,1.000000;;
            }

            Frame Bip01_L_Finger41 {
             

             FrameTransformMatrix {
              0.286121,-0.136340,0.948444,0.000000,0.186476,0.978823,0.084452,0.000000,-0.939873,0.152698,0.305486,0.000000,0.029096,0.000000,0.000000,1.000000;;
             }

             Frame Bip01_L_Finger42 {
              

              FrameTransformMatrix {
               0.802246,-0.072313,0.592597,0.000000,0.072313,0.997099,0.023777,0.000000,-0.592598,0.023777,0.805148,0.000000,0.030187,0.000000,0.000000,1.000000;;
              }
             }
            }
           }
          }
         }
        }
       }

       Frame Bip01_R_Clavicle {
        

        FrameTransformMatrix {
         -0.529387,-0.842585,0.098994,0.000000,-0.820673,0.538177,0.191991,0.000000,-0.215045,0.020395,-0.976391,0.000000,-0.011405,-0.064048,0.013361,1.000000;;
        }

        Frame Bip01_R_UpperArm {
         

         FrameTransformMatrix {
          0.980772,0.170649,-0.094685,0.000000,-0.062212,0.733246,0.677112,0.000000,0.184976,-0.658201,0.729763,0.000000,0.120550,0.000000,-0.000000,1.000000;;
         }

         Frame Bip01_R_Forearm {
          

          FrameTransformMatrix {
           0.049802,-0.052508,-0.997378,0.000000,0.052508,0.997374,-0.049886,0.000000,0.997378,-0.049886,0.052429,0.000000,0.303546,0.000000,-0.000000,1.000000;;
          }

          Frame Bip01_R_Hand {
           

           FrameTransformMatrix {
            0.916748,-0.226073,-0.329339,0.000000,-0.186089,0.487835,-0.852871,0.000000,0.353474,0.843154,0.405151,0.000000,0.215225,0.000000,0.000000,1.000000;;
           }

           Frame Bip01_R_Finger0 {
            

            FrameTransformMatrix {
             0.508347,0.242048,0.826435,0.000000,-0.859574,0.084545,0.503969,0.000000,0.052114,-0.966574,0.251037,0.000000,0.065165,0.046864,0.008271,1.000000;;
            }

            Frame Bip01_R_Finger01 {
             

             FrameTransformMatrix {
              0.887187,-0.365200,0.282006,0.000000,0.274787,0.909167,0.312901,0.000000,-0.370662,-0.200110,0.906954,0.000000,0.035111,-0.000000,-0.000000,1.000000;;
             }

             Frame Bip01_R_Finger02 {
              

              FrameTransformMatrix {
               0.979938,-0.193221,0.048854,0.000000,0.184969,0.972996,0.138076,0.000000,-0.074214,-0.126270,0.989216,0.000000,0.028090,0.000000,0.000000,1.000000;;
              }
             }
            }
           }

           Frame Bip01_R_Finger1 {
            

            FrameTransformMatrix {
             0.407129,0.123447,0.904990,0.000000,-0.151714,0.986200,-0.066273,0.000000,-0.900683,-0.110318,0.420239,0.000000,0.109280,0.031758,-0.001290,1.000000;;
            }

            Frame Bip01_R_Finger11 {
             

             FrameTransformMatrix {
              0.428547,0.098459,0.898139,0.000000,-0.098459,0.993214,-0.061902,0.000000,-0.898139,-0.061902,0.435333,0.000000,0.036415,-0.000000,-0.000000,1.000000;;
             }

             Frame Bip01_R_Finger12 {
              

              FrameTransformMatrix {
               0.845147,0.058250,0.531351,0.000000,-0.058249,0.998161,-0.016774,0.000000,-0.531351,-0.016774,0.846986,0.000000,0.029455,-0.000000,0.000000,1.000000;;
              }
             }
            }
           }

           Frame Bip01_R_Finger2 {
            

            FrameTransformMatrix {
             0.596218,0.120954,0.793659,0.000000,-0.140815,0.989015,-0.044941,0.000000,-0.790377,-0.084964,0.606701,0.000000,0.112139,0.005557,-0.003095,1.000000;;
            }

            Frame Bip01_R_Finger21 {
             

             FrameTransformMatrix {
              0.457969,0.098181,0.883529,0.000000,-0.098181,0.993388,-0.059498,0.000000,-0.883529,-0.059498,0.464581,0.000000,0.036183,0.000000,0.000000,1.000000;;
             }

             Frame Bip01_R_Finger22 {
              

              FrameTransformMatrix {
               0.787815,0.068024,0.612144,0.000000,-0.068024,0.997412,-0.023291,0.000000,-0.612144,-0.023291,0.790403,0.000000,0.033584,0.000000,0.000000,1.000000;;
              }
             }
            }
           }

           Frame Bip01_R_Finger3 {
            

            FrameTransformMatrix {
             0.596218,0.120953,0.793659,0.000000,-0.144406,0.988619,-0.042184,0.000000,-0.789729,-0.089459,0.606899,0.000000,0.110746,-0.020346,0.005982,1.000000;;
            }

            Frame Bip01_R_Finger31 {
             

             FrameTransformMatrix {
              0.457969,0.102196,0.883074,0.000000,-0.102196,0.992837,-0.061899,0.000000,-0.883074,-0.061899,0.465133,0.000000,0.031014,0.000000,0.000000,1.000000;;
             }

             Frame Bip01_R_Finger32 {
              

              FrameTransformMatrix {
               0.787815,0.070806,0.611829,0.000000,-0.070806,0.997196,-0.024231,0.000000,-0.611829,-0.024231,0.790619,0.000000,0.031014,-0.000000,0.000000,1.000000;;
              }
             }
            }
           }

           Frame Bip01_R_Finger4 {
            

            FrameTransformMatrix {
             0.407129,0.123448,0.904990,0.000000,-0.159991,0.985144,-0.062406,0.000000,-0.899249,-0.119383,0.420831,0.000000,0.089970,-0.040408,0.014388,1.000000;;
            }

            Frame Bip01_R_Finger41 {
             

             FrameTransformMatrix {
              0.428547,0.106714,0.897196,0.000000,-0.106714,0.992028,-0.067021,0.000000,-0.897195,-0.067021,0.436519,0.000000,0.029096,0.000000,-0.000000,1.000000;;
             }

             Frame Bip01_R_Finger42 {
              

              FrameTransformMatrix {
               0.845147,0.063133,0.530793,0.000000,-0.063133,0.997840,-0.018162,0.000000,-0.530793,-0.018161,0.847307,0.000000,0.030187,0.000000,0.000000,1.000000;;
              }
             }
            }
           }
          }
         }
        }
       }
      }
     }
    }
   }
  }
 }

 Frame fr_cloth_capote_m1914_15_LOD1 {
  

  FrameTransformMatrix {
   1.000000,0.000000,-0.000000,0.000000,0.000000,-0.000000,1.000000,0.000000,0.000000,-1.000000,0.000000,0.000000,-0.010978,-0.204793,-0.125654,1.000000;;
  }

  Mesh fr_cloth_capote_m1914_15_LOD1 {
   759;
   0.214302;1.501991;0.115841;,
   0.453263;1.349560;0.086891;,
   0.213103;1.504100;0.067182;,
   0.451891;1.345364;0.127749;,
   0.207267;1.454105;0.155949;,
   0.653973;1.180818;0.001235;,
   0.663776;1.173807;0.034236;,
   0.655395;1.177096;0.001312;,
   0.664693;1.170285;0.032800;,
   0.638115;1.169431;-0.027075;,
   0.663672;1.151401;0.057472;,
   0.662730;1.154035;0.060189;,
   0.635898;1.172891;-0.028134;,
   0.619062;1.150317;-0.042258;,
   0.651382;1.128038;0.070902;,
   0.652864;1.126749;0.067615;,
   0.633385;1.104200;0.063192;,
   0.635784;1.104056;0.060165;,
   0.470932;1.272438;0.154068;,
   0.477727;1.304524;0.148418;,
   0.198559;1.385676;0.167332;,
   0.615883;1.152914;-0.043949;,
   0.604039;1.125731;-0.040185;,
   0.600053;1.127002;-0.041709;,
   0.593951;1.103478;-0.022224;,
   0.598182;1.103416;-0.021744;,
   0.599387;1.089731;0.008084;,
   0.603312;1.090247;0.007194;,
   0.396062;1.231504;0.094544;,
   0.419885;1.218881;0.115915;,
   0.614079;1.089958;0.039676;,
   0.402672;1.235499;0.131358;,
   0.379448;1.251057;0.130814;,
   0.193336;1.274022;0.100603;,
   0.192751;1.271661;0.054161;,
   0.386618;1.317849;0.170889;,
   0.425481;1.303787;0.036445;,
   0.442533;1.335614;0.053927;,
   0.192062;1.443409;-0.013028;,
   0.184769;1.377743;-0.014289;,
   0.210243;1.493215;0.018915;,
   0.398266;1.244912;0.060104;,
   0.184642;1.313324;0.012848;,
   0.409006;1.268812;0.038863;,
   0.418673;1.262040;0.164999;,
   0.191281;1.317633;0.145895;,
   0.193336;1.274022;0.100603;,
   0.379448;1.251057;0.130814;,
   0.402672;1.235499;0.131358;,
   0.419885;1.218881;0.115915;,
   0.614079;1.089958;0.039676;,
   0.213103;1.504100;0.067182;,
   0.110203;1.533689;0.093861;,
   0.214302;1.501991;0.115841;,
   0.128992;1.498053;0.140802;,
   0.061284;1.576432;0.067143;,
   0.045044;1.579028;0.086278;,
   0.043071;1.577871;0.084095;,
   0.058460;1.575409;0.065764;,
   0.016705;1.579811;0.097356;,
   0.017365;1.581071;0.100074;,
   -0.003319;1.579427;0.098167;,
   -0.020801;1.581034;0.099183;,
   -0.019811;1.579779;0.096429;,
   -0.046744;1.577873;0.081680;,
   -0.049046;1.579025;0.083903;,
   -0.061020;1.575410;0.063414;,
   -0.049832;1.527918;0.132942;,
   0.047702;1.527878;0.133825;,
   -0.073719;1.570048;0.044196;,
   -0.070222;1.569355;0.043708;,
   -0.071745;1.556740;0.017383;,
   -0.075301;1.556764;0.016596;,
   -0.058411;1.535044;-0.007327;,
   -0.000831;1.403470;0.177670;,
   0.123003;1.395902;0.189624;,
   -0.111730;1.533840;0.093376;,
   -0.129142;1.497334;0.141891;,
   -0.001203;1.328675;0.176202;,
   0.085463;1.248600;0.174396;,
   -0.082613;1.201700;0.175009;,
   0.067837;1.170492;0.183676;,
   0.119829;1.195733;0.160769;,
   0.157667;1.261412;0.147129;,
   0.178741;1.388253;0.174909;,
   0.198559;1.385676;0.167332;,
   0.207267;1.454105;0.155949;,
   0.191281;1.317633;0.145895;,
   0.185256;1.461653;0.158896;,
   0.186725;1.263508;0.103732;,
   0.193336;1.274022;0.100603;,
   0.174888;1.186928;0.003486;,
   0.192751;1.271661;0.054161;,
   0.167497;1.314888;-0.020095;,
   0.184642;1.313324;0.012848;,
   0.167341;1.366843;-0.020376;,
   0.184769;1.377743;-0.014289;,
   0.131949;1.444481;-0.031733;,
   0.192062;1.443409;-0.013028;,
   0.159809;1.511428;0.012313;,
   0.210243;1.493215;0.018915;,
   0.069302;1.473348;-0.032028;,
   0.047796;1.372589;-0.064197;,
   0.099888;1.547960;0.047916;,
   -0.007654;1.383518;-0.072707;,
   -0.004587;1.493673;-0.044390;,
   -0.006368;1.430750;-0.049815;,
   -0.004873;1.465655;-0.044938;,
   -0.005596;1.493855;-0.040121;,
   -0.002188;1.520038;-0.036271;,
   -0.009216;1.372625;-0.068667;,
   -0.007893;1.322122;-0.079019;,
   -0.001892;1.519610;-0.040552;,
   0.002066;1.521639;-0.034583;,
   0.024471;1.524757;-0.030972;,
   0.025739;1.522914;-0.033788;,
   0.051408;1.531747;-0.015835;,
   0.053802;1.530571;-0.017734;,
   0.067922;1.553782;0.015259;,
   0.071179;1.553820;0.014502;,
   0.067350;1.569351;0.045662;,
   0.070626;1.570047;0.046087;,
   0.182549;1.126802;0.054910;,
   0.177969;1.169360;0.101435;,
   0.173786;1.132066;0.109296;,
   0.137216;1.137215;0.151547;,
   0.181758;1.166194;0.000969;,
   0.171614;1.123098;-0.006947;,
   0.150187;1.122902;-0.035511;,
   0.160890;1.152699;-0.039691;,
   0.152651;1.173727;0.144640;,
   0.097118;1.139371;0.171510;,
   0.057938;1.140789;0.185906;,
   0.142734;1.311511;-0.034791;,
   0.118775;1.153249;-0.081928;,
   0.118771;1.123933;-0.078564;,
   0.061633;1.146276;-0.112705;,
   0.063659;1.122850;-0.109295;,
   -0.001661;1.121544;-0.117383;,
   0.046268;1.324665;-0.079474;,
   0.053099;1.207124;-0.096321;,
   0.140949;1.367438;-0.045705;,
   -0.006703;1.264511;-0.099426;,
   -0.006972;1.144287;-0.121935;,
   -0.004341;1.121581;-0.116978;,
   -0.007831;1.121628;-0.116454;,
   -0.008647;1.144377;-0.117691;,
   -0.008236;1.165140;-0.113729;,
   -0.006643;1.199587;-0.101785;,
   -0.008598;1.264853;-0.095298;,
   0.614079;1.089958;0.039676;,
   0.603312;1.090247;0.007194;,
   0.617303;1.090418;0.037600;,
   0.599387;1.089731;0.008084;,
   0.614079;1.089958;0.039676;,
   0.635784;1.104056;0.060165;,
   0.633385;1.104200;0.063192;,
   0.617303;1.090418;0.037600;,
   0.664693;1.170285;0.032800;,
   0.652004;1.174662;0.002760;,
   0.655395;1.177096;0.001312;,
   0.660593;1.168435;0.032072;,
   0.663672;1.151401;0.057472;,
   0.652864;1.126749;0.067615;,
   0.648944;1.161371;0.059501;,
   0.600792;1.165817;0.033168;,
   0.649846;1.128626;0.063884;,
   0.635784;1.104056;0.060165;,
   0.634142;1.107701;0.056978;,
   0.599396;1.107100;-0.018727;,
   0.604664;1.127486;-0.035518;,
   0.598182;1.103416;-0.021744;,
   0.604039;1.125731;-0.040185;,
   0.619062;1.150317;-0.042258;,
   0.603312;1.090247;0.007194;,
   0.636075;1.167661;-0.023383;,
   0.618355;1.149941;-0.037447;,
   0.638115;1.169431;-0.027075;,
   0.649846;1.128626;0.063884;,
   0.660593;1.168435;0.032072;,
   0.599396;1.107100;-0.018727;,
   0.617303;1.090418;0.037600;,
   0.603312;1.090247;0.007194;,
   0.634142;1.107701;0.056978;,
   0.635784;1.104056;0.060165;,
   -0.001810;1.187812;0.186512;,
   0.021406;1.141492;0.189963;,
   -0.001999;1.140912;0.189320;,
   -0.025840;1.140016;0.189841;,
   -0.061733;1.139202;0.184409;,
   -0.105199;1.137493;0.168228;,
   -0.147398;1.160283;0.151034;,
   -0.144350;1.136175;0.150553;,
   -0.181549;1.169127;0.100818;,
   -0.177186;1.132036;0.109238;,
   -0.186065;1.126814;0.054874;,
   -0.185538;1.165487;0.006611;,
   -0.175062;1.123150;-0.007227;,
   -0.154475;1.122938;-0.039958;,
   -0.163977;1.170695;-0.039175;,
   -0.176775;1.301179;-0.004243;,
   -0.139356;1.318085;-0.046914;,
   -0.148607;1.369516;-0.031701;,
   -0.186445;1.313351;0.007101;,
   -0.194870;1.271555;0.052398;,
   -0.187662;1.381206;-0.013609;,
   -0.149070;1.487684;-0.010154;,
   -0.194722;1.445756;-0.009762;,
   -0.212037;1.491218;0.012941;,
   -0.100509;1.533675;0.020236;,
   -0.100331;1.547860;0.047605;,
   -0.214982;1.503868;0.060934;,
   -0.212485;1.500555;0.122563;,
   -0.184589;1.496037;0.142972;,
   -0.206982;1.454020;0.159002;,
   -0.182164;1.388381;0.174892;,
   -0.202080;1.386186;0.167253;,
   -0.125419;1.395872;0.189859;,
   -0.087191;1.464811;0.172566;,
   -0.087976;1.247966;0.173533;,
   -0.127239;1.274413;0.171766;,
   -0.178240;1.308941;0.151082;,
   -0.196535;1.319347;0.146143;,
   -0.189890;1.263651;0.103790;,
   -0.196998;1.274236;0.100434;,
   -0.192205;1.261955;0.049608;,
   -0.160074;1.186800;0.132248;,
   -0.453530;1.349942;0.073066;,
   -0.212485;1.500555;0.122563;,
   -0.214982;1.503868;0.060934;,
   -0.212037;1.491218;0.012941;,
   -0.442201;1.335039;0.036361;,
   -0.194722;1.445756;-0.009762;,
   -0.643375;1.169772;-0.023489;,
   -0.659977;1.177947;0.005586;,
   -0.645429;1.166254;-0.022356;,
   -0.661307;1.174093;0.005549;,
   -0.626708;1.146750;-0.037805;,
   -0.623694;1.149341;-0.039662;,
   -0.611326;1.121893;-0.035266;,
   -0.668977;1.172328;0.037807;,
   -0.669897;1.168660;0.036449;,
   -0.668866;1.151857;0.061507;,
   -0.667899;1.154670;0.064141;,
   -0.452858;1.346779;0.118157;,
   -0.443984;1.326265;0.145577;,
   -0.206982;1.454020;0.159002;,
   -0.196535;1.319347;0.146143;,
   -0.202080;1.386186;0.167253;,
   -0.656677;1.130069;0.076442;,
   -0.658222;1.128551;0.073144;,
   -0.638509;1.105991;0.070570;,
   -0.640924;1.105628;0.067530;,
   -0.619132;1.090147;0.048016;,
   -0.622364;1.090460;0.045904;,
   -0.420128;1.264259;0.158394;,
   -0.422516;1.216137;0.104856;,
   -0.403757;1.236571;0.120921;,
   -0.382215;1.247727;0.117372;,
   -0.276229;1.273260;0.116762;,
   -0.430240;1.289985;0.158248;,
   -0.196998;1.274236;0.100434;,
   -0.196998;1.274236;0.100434;,
   -0.276952;1.264903;0.069927;,
   -0.194870;1.271555;0.052398;,
   -0.276229;1.273260;0.116762;,
   -0.278513;1.285650;0.027566;,
   -0.186445;1.313351;0.007101;,
   -0.187662;1.381206;-0.013609;,
   -0.396501;1.231521;0.080175;,
   -0.382215;1.247727;0.117372;,
   -0.403757;1.236571;0.120921;,
   -0.422516;1.216137;0.104856;,
   -0.604763;1.087789;0.015670;,
   -0.619132;1.090147;0.048016;,
   -0.608668;1.088235;0.014911;,
   -0.604531;1.100026;-0.015588;,
   -0.622364;1.090460;0.045904;,
   -0.600328;1.100059;-0.016178;,
   -0.607450;1.123129;-0.036959;,
   -0.398886;1.243517;0.041976;,
   -0.427075;1.303514;0.016073;,
   -0.410829;1.268324;0.018397;,
   -0.649609;1.177132;0.013512;,
   -0.669897;1.168660;0.036449;,
   -0.661307;1.174093;0.005549;,
   -0.668866;1.151857;0.061507;,
   -0.655968;1.159059;0.060382;,
   -0.658222;1.128551;0.073144;,
   -0.620976;1.153704;-0.023460;,
   -0.645429;1.166254;-0.022356;,
   -0.626708;1.146750;-0.037805;,
   -0.612203;1.123544;-0.030782;,
   -0.611326;1.121893;-0.035266;,
   -0.604531;1.100026;-0.015588;,
   -0.608668;1.088235;0.014911;,
   -0.606752;1.105613;0.019786;,
   -0.622364;1.090460;0.045904;,
   -0.655711;1.129906;0.069159;,
   -0.640924;1.105628;0.067530;,
   -0.122470;1.153255;-0.078792;,
   -0.117239;1.123956;-0.075777;,
   -0.063952;1.122415;-0.105845;,
   -0.063823;1.145851;-0.111276;,
   -0.007831;1.121628;-0.116454;,
   -0.008647;1.144377;-0.117691;,
   -0.008236;1.165140;-0.113729;,
   -0.006643;1.199587;-0.101785;,
   -0.052673;1.205791;-0.091867;,
   -0.008598;1.264853;-0.095298;,
   -0.029980;1.316652;-0.087124;,
   -0.007893;1.322122;-0.079019;,
   -0.104534;1.369274;-0.059324;,
   -0.013355;1.367465;-0.074308;,
   -0.089743;1.437274;-0.036288;,
   -0.009216;1.372625;-0.068667;,
   -0.006368;1.430750;-0.049815;,
   -0.036208;1.521839;-0.027402;,
   -0.004873;1.465655;-0.044938;,
   -0.005596;1.493855;-0.040121;,
   -0.002188;1.520038;-0.036271;,
   0.002066;1.521639;-0.034583;,
   -0.034285;1.522229;-0.023895;,
   -0.061310;1.533913;-0.008781;,
   0.173786;1.132066;0.109296;,
   0.186088;1.126136;0.055447;,
   0.182549;1.126802;0.054910;,
   0.174967;1.122420;-0.007590;,
   0.171614;1.123098;-0.006947;,
   0.177156;1.131458;0.110801;,
   0.137216;1.137215;0.151547;,
   0.139978;1.136768;0.153660;,
   0.097118;1.139371;0.171510;,
   0.099142;1.139052;0.173950;,
   0.057938;1.140789;0.185906;,
   0.156784;1.122265;-0.041135;,
   0.150187;1.122902;-0.035511;,
   0.121182;1.123339;-0.080496;,
   0.118771;1.123933;-0.078564;,
   0.065054;1.122306;-0.111815;,
   0.063659;1.122850;-0.109295;,
   -0.001661;1.121544;-0.117383;,
   -0.001454;1.118793;-0.121070;,
   -0.004341;1.121581;-0.116978;,
   -0.007831;1.121628;-0.116454;,
   -0.066398;1.121813;-0.110236;,
   -0.063952;1.122415;-0.105845;,
   -0.120744;1.123427;-0.079621;,
   -0.117239;1.123956;-0.075777;,
   -0.157179;1.122379;-0.041103;,
   -0.154475;1.122938;-0.039958;,
   -0.178160;1.122552;-0.007852;,
   -0.175062;1.123150;-0.007227;,
   -0.189374;1.126221;0.055383;,
   -0.186065;1.126814;0.054874;,
   -0.180325;1.131492;0.110728;,
   -0.177186;1.132036;0.109238;,
   -0.146931;1.135794;0.152671;,
   -0.144350;1.136175;0.150553;,
   -0.105199;1.137493;0.168228;,
   -0.062739;1.139005;0.187125;,
   -0.061733;1.139202;0.184409;,
   -0.026159;1.139811;0.192676;,
   -0.025840;1.140016;0.189841;,
   -0.001874;1.140706;0.192153;,
   -0.001999;1.140912;0.189320;,
   0.021975;1.141304;0.192788;,
   0.021406;1.141492;0.189963;,
   -0.001999;1.140912;0.189320;,
   -0.001874;1.140706;0.192153;,
   0.021769;1.090651;0.196430;,
   -0.001874;1.140706;0.192153;,
   -0.002374;1.090530;0.195809;,
   0.021975;1.141304;0.192788;,
   0.058888;1.090171;0.190764;,
   0.057938;1.140789;0.185906;,
   0.140066;1.087695;0.156768;,
   0.099142;1.139052;0.173950;,
   0.139978;1.136768;0.153660;,
   0.177204;1.084705;0.114617;,
   0.177156;1.131458;0.110801;,
   0.187042;1.080757;0.060156;,
   0.186088;1.126136;0.055447;,
   0.180011;1.076107;-0.005778;,
   0.174967;1.122420;-0.007590;,
   0.126844;1.072219;-0.080329;,
   0.156784;1.122265;-0.041135;,
   0.121182;1.123339;-0.080496;,
   0.066802;1.070484;-0.110757;,
   0.065054;1.122306;-0.111815;,
   -0.001454;1.118793;-0.121070;,
   -0.000828;1.070371;-0.120302;,
   -0.066398;1.121813;-0.110236;,
   -0.067852;1.070495;-0.109237;,
   -0.123367;1.072157;-0.077934;,
   -0.120744;1.123427;-0.079621;,
   -0.180149;1.076209;-0.004379;,
   -0.157179;1.122379;-0.041103;,
   -0.178160;1.122552;-0.007852;,
   -0.190429;1.080732;0.060075;,
   -0.189374;1.126221;0.055383;,
   -0.180606;1.084681;0.114572;,
   -0.180325;1.131492;0.110728;,
   -0.147248;1.087460;0.155969;,
   -0.146931;1.135794;0.152671;,
   -0.063653;1.089883;0.190701;,
   -0.062739;1.139005;0.187125;,
   -0.026874;1.090366;0.196341;,
   -0.026159;1.139811;0.192676;,
   -0.002374;1.090530;0.195809;,
   -0.001874;1.140706;0.192153;,
   0.042437;1.598913;0.073618;,
   -0.003598;1.603207;0.084347;,
   -0.003816;1.600336;0.088627;,
   -0.003524;1.590249;0.092894;,
   -0.003319;1.579427;0.098167;,
   0.016705;1.579811;0.097356;,
   0.043071;1.577871;0.084095;,
   0.058460;1.575409;0.065764;,
   0.061979;1.594092;0.033192;,
   0.067350;1.569351;0.045662;,
   0.067922;1.553782;0.015259;,
   0.061418;1.579329;-0.002389;,
   0.051408;1.531747;-0.015835;,
   0.044996;1.564918;-0.026171;,
   0.024471;1.524757;-0.030972;,
   0.021381;1.551899;-0.037636;,
   0.002066;1.521639;-0.034583;,
   -0.003588;1.553675;-0.041973;,
   -0.030796;1.552620;-0.030656;,
   -0.034285;1.522229;-0.023895;,
   -0.058411;1.535044;-0.007327;,
   -0.053299;1.570621;-0.012828;,
   -0.071745;1.556740;0.017383;,
   -0.064791;1.583651;0.007097;,
   -0.070222;1.569355;0.043708;,
   -0.070603;1.591118;0.033643;,
   -0.061020;1.575410;0.063414;,
   -0.042802;1.601038;0.065260;,
   -0.046744;1.577873;0.081680;,
   -0.018420;1.602569;0.078534;,
   -0.019811;1.579779;0.096429;,
   -0.003524;1.590249;0.092894;,
   -0.003319;1.579427;0.098167;,
   -0.003816;1.600336;0.088627;,
   -0.003598;1.603207;0.084347;,
   -0.018420;1.602569;0.078534;,
   -0.003598;1.603207;0.084347;,
   -0.003541;1.602265;0.081135;,
   0.038270;1.601021;0.067620;,
   -0.003541;1.602265;0.081135;,
   -0.003598;1.603207;0.084347;,
   -0.182264;1.078121;0.064521;,
   -0.189245;1.004866;0.132074;,
   -0.175445;1.082224;0.114937;,
   -0.176281;1.073273;-0.001302;,
   -0.201358;0.943512;0.037485;,
   -0.157785;1.071456;-0.036668;,
   -0.193384;0.939439;0.106561;,
   -0.156424;0.912650;0.186857;,
   -0.145322;1.084556;0.151787;,
   -0.174383;0.839166;0.148688;,
   -0.242263;0.549362;0.104210;,
   -0.228993;0.685634;0.061187;,
   -0.204628;0.528550;0.181078;,
   -0.195806;0.525690;0.173005;,
   -0.165473;0.520819;0.192589;,
   -0.231849;0.549567;0.103040;,
   -0.245238;0.602708;0.039160;,
   -0.143999;0.509730;0.209990;,
   -0.144990;0.515474;0.199691;,
   -0.115931;0.506966;0.196959;,
   -0.262548;0.606722;0.034457;,
   -0.243142;0.665957;0.026969;,
   -0.220914;0.688076;0.019189;,
   -0.066922;1.008847;0.204748;,
   -0.150779;0.638952;0.203802;,
   -0.138372;0.846975;0.195150;,
   -0.096730;0.634474;0.219092;,
   -0.095249;0.498109;0.206160;,
   -0.094889;0.503987;0.197463;,
   -0.065113;0.504088;0.204729;,
   -0.021013;0.500010;0.230824;,
   -0.043708;0.504090;0.210713;,
   -0.024201;0.504262;0.218169;,
   -0.001663;0.506351;0.223109;,
   0.014958;0.508589;0.223751;,
   0.028792;0.509755;0.224980;,
   0.041886;0.509876;0.228875;,
   0.080546;0.506942;0.238937;,
   0.058940;0.508745;0.229085;,
   0.080478;0.511829;0.229151;,
   0.096540;0.515587;0.218760;,
   0.126181;0.516799;0.197813;,
   0.124729;0.511647;0.209542;,
   0.146086;0.518423;0.193154;,
   0.174765;0.522429;0.190602;,
   0.084183;0.623484;0.222889;,
   0.006097;0.617982;0.230217;,
   0.003915;0.846199;0.229251;,
   -0.031765;0.700855;0.229397;,
   -0.048413;0.846699;0.217725;,
   0.173682;0.517912;0.203954;,
   0.194866;0.524951;0.179295;,
   0.229874;0.527036;0.159596;,
   0.223391;0.530014;0.154899;,
   0.267601;0.553229;0.094748;,
   0.257012;0.552846;0.094476;,
   0.270780;0.601784;0.030060;,
   0.284664;0.608491;0.023052;,
   0.171671;0.718795;0.190532;,
   0.201003;0.927748;0.147328;,
   0.253372;0.643507;0.108470;,
   0.220537;0.923562;0.066155;,
   0.182075;1.078190;0.064560;,
   0.175216;1.082257;0.115020;,
   0.176156;1.073305;-0.001501;,
   0.254005;0.682035;0.054902;,
   0.274912;0.650135;0.026338;,
   0.188874;0.961715;-0.015391;,
   0.158938;1.071424;-0.034354;,
   0.123809;1.069926;-0.075446;,
   0.152122;0.933225;-0.055058;,
   0.032294;0.967188;-0.123197;,
   0.062967;1.067525;-0.105136;,
   0.007896;0.990402;-0.124611;,
   0.000930;1.065737;-0.112738;,
   0.151435;1.008180;0.170192;,
   0.145072;1.084565;0.151826;,
   0.106088;1.085794;0.169465;,
   0.066772;1.008829;0.204715;,
   0.062552;1.087323;0.185381;,
   0.026166;1.087967;0.190611;,
   0.167366;0.829383;0.193168;,
   0.074457;0.838743;0.212737;,
   -0.000000;0.916558;0.229833;,
   -0.000004;1.088250;0.191868;,
   -0.026183;1.087966;0.190621;,
   -0.062611;1.087318;0.185408;,
   -0.106253;1.085789;0.169487;,
   0.039428;0.511181;0.245274;,
   -0.062466;1.067581;-0.105234;,
   -0.172815;0.923494;-0.049960;,
   -0.120783;1.070004;-0.073987;,
   -0.029031;0.966000;-0.123374;,
   -0.012674;1.066362;-0.111230;,
   -0.010092;0.978236;-0.116331;,
   -0.203149;0.922094;-0.003362;,
   -0.206284;0.913174;0.050113;,
   -0.221765;0.842559;0.051425;,
   -0.000362;0.914700;-0.122013;,
   -0.029031;0.966000;-0.123374;,
   -0.009802;0.976968;-0.119303;,
   -0.010092;0.978236;-0.116331;,
   -0.023568;0.888541;-0.126451;,
   0.008314;0.907484;-0.113960;,
   -0.018550;0.880384;-0.104466;,
   -0.081360;0.826193;-0.091881;,
   -0.166084;0.749070;-0.073682;,
   -0.124113;0.793888;-0.077516;,
   -0.161312;0.747673;-0.064442;,
   -0.210149;0.670988;-0.028833;,
   -0.229085;0.687415;-0.028642;,
   -0.243171;0.616009;0.028232;,
   -0.135925;0.942991;-0.097165;,
   -0.141923;0.816661;-0.098310;,
   -0.172815;0.923494;-0.049960;,
   -0.262548;0.606722;0.034457;,
   -0.177990;0.771118;-0.080894;,
   -0.231221;0.862634;-0.012822;,
   -0.181347;0.938049;-0.070322;,
   -0.260676;0.666889;0.038111;,
   -0.229950;0.843680;0.053206;,
   -0.276445;0.636243;0.036243;,
   -0.262548;0.606722;0.034457;,
   -0.245238;0.602708;0.039160;,
   -0.172815;0.923494;-0.049960;,
   -0.215997;0.941783;-0.011431;,
   -0.206284;0.913174;0.050113;,
   -0.212418;0.943266;0.026161;,
   -0.203149;0.922094;-0.003362;,
   -0.212418;0.943266;0.026161;,
   -0.203149;0.922094;-0.003362;,
   -0.206284;0.913174;0.050113;,
   -0.231849;0.549567;0.103040;,
   -0.245238;0.602708;0.039160;,
   -0.239270;0.606356;0.038728;,
   -0.194063;0.672318;0.125750;,
   -0.195806;0.525690;0.173005;,
   -0.122587;0.716339;0.177722;,
   -0.165473;0.520819;0.192589;,
   -0.144990;0.515474;0.199691;,
   -0.015787;0.613320;0.204176;,
   -0.115931;0.506966;0.196959;,
   -0.094889;0.503987;0.197463;,
   -0.065113;0.504088;0.204729;,
   -0.043708;0.504090;0.210713;,
   -0.024201;0.504262;0.218169;,
   -0.001663;0.506351;0.223109;,
   0.014958;0.508589;0.223751;,
   0.028792;0.509755;0.224980;,
   0.097157;0.618637;0.194021;,
   0.041886;0.509876;0.228875;,
   0.058940;0.508745;0.229085;,
   0.080478;0.511829;0.229151;,
   0.096540;0.515587;0.218760;,
   0.126181;0.516799;0.197813;,
   0.146086;0.518423;0.193154;,
   0.150403;0.715912;0.171755;,
   0.174765;0.522429;0.190602;,
   0.194866;0.524951;0.179295;,
   0.223391;0.530014;0.154899;,
   0.189276;0.750790;0.118386;,
   0.257012;0.552846;0.094476;,
   0.266113;0.604599;0.031169;,
   0.270780;0.601784;0.030060;,
   0.268802;0.616613;0.020069;,
   0.234879;0.693649;0.064236;,
   0.218458;0.670785;-0.036490;,
   0.211151;0.733239;-0.029800;,
   0.157684;0.745962;-0.068498;,
   0.117396;0.791589;-0.079015;,
   -0.016594;0.704273;0.200874;,
   -0.210149;0.670988;-0.028833;,
   -0.214511;0.697077;0.071917;,
   -0.243171;0.616009;0.028232;,
   -0.208590;0.736414;-0.022612;,
   -0.161312;0.747673;-0.064442;,
   -0.124113;0.793888;-0.077516;,
   -0.245238;0.602708;0.039160;,
   -0.243171;0.616009;0.028232;,
   -0.239270;0.606356;0.038728;,
   0.121171;0.793090;-0.088753;,
   0.157684;0.745962;-0.068498;,
   0.117396;0.791589;-0.079015;,
   0.077912;0.825707;-0.093212;,
   0.171928;0.768112;-0.086557;,
   0.218458;0.670785;-0.036490;,
   0.236733;0.687775;-0.038494;,
   0.268802;0.616613;0.020069;,
   0.284664;0.608491;0.023052;,
   0.296100;0.625971;0.019806;,
   0.025738;0.888580;-0.127688;,
   0.020615;0.880264;-0.116439;,
   0.008314;0.907484;-0.113960;,
   0.084040;0.956556;-0.117529;,
   0.032294;0.967188;-0.123197;,
   0.161451;0.918483;-0.056515;,
   0.007896;0.990402;-0.124611;,
   0.167737;0.943222;-0.078229;,
   0.218663;0.941299;-0.022445;,
   0.181221;0.815721;-0.081841;,
   0.223980;0.900131;-0.027586;,
   0.249364;0.763914;0.032676;,
   0.286807;0.670770;0.028137;,
   0.248560;0.836633;0.040871;,
   0.232815;0.916566;0.038829;,
   0.225935;0.940052;0.015482;,
   0.219154;0.916696;0.026973;,
   0.025738;0.888580;-0.127688;,
   -0.000362;0.914700;-0.122013;,
   -0.007434;0.979869;-0.123680;,
   -0.009802;0.976968;-0.119303;,
